sleeper_id,projection_url,player_data-date,adp_2qb,adp_dynasty,adp_dynasty_2qb,adp_dynasty_half_ppr,adp_dynasty_ppr,adp_dynasty_std,adp_half_ppr,adp_idp,adp_ppr,adp_rookie,adp_std,bonus_rec_rb,fum_lost,gp,pts_half_ppr,pts_ppr,pts_std,rec,rec_0_4,rec_10_19,rec_20_29,rec_30_39,rec_40p,rec_5_9,rec_fd,rec_td,rec_yd,rush_2pt,rush_att,rush_fd,rush_td,rush_yd,bonus_rec_wr,bonus_rec_te,cmp_pct,pass_2pt,pass_att,pass_cmp,pass_fd,pass_int,pass_td,pass_yd,def_kr_td,player_data-category,player_data-last_modified,player_data-week,player_data-season,player_data-season_type,player_data-sport,player_data-player_id,player_data-game_id,player_data-updated_at,player_data-team,player_data-company,player_data-opponent,player_data-player
4034,https://api.sleeper.com/projections/nfl/player/4034?season_type=regular&season=2024,NA,2.8,999,15.4,6.5,4.8,6.5,1.5,4.8,1.2,999,1.5,55,2,18,250.4,277.9,222.9,55,11,16.5,11,5.5,5.5,11,42.3,3,423,1,230,110.6,9,1106,NA,NA,NA,NA,NA,NA,NA,NA,NA,NA,NA,proj,1731401444152,NA,2024,regular,nfl,4034,season,1731401444152,SF,rotowire,NA,
6786,https://api.sleeper.com/projections/nfl/player/6786?season_type=regular&season=2024,NA,5.1,999,7.3,2.4,2.6,2.4,3.9,5.9,3.1,999,3.9,NA,1,18,263.2,320.7,205.7,115,23,34.5,23,11.5,11.5,23,145.5,8,1455,NA,15,8.2,1,82,115,NA,NA,NA,NA,NA,NA,NA,NA,NA,NA,proj,1731401447456,NA,2024,regular,nfl,6786,season,1731401447456,DAL,rotowire,NA,
3321,https://api.sleeper.com/projections/nfl/player/3321?season_type=regular&season=2024,NA,6.1,999,22,10.2,9,10.2,2.1,12.3,2.7,999,2.1,NA,1,18,258.2,312.2,204.2,108,21.6,32.4,21.6,10.8,10.8,21.6,148.6,9,1486,NA,5,3.6,NA,36,108,NA,NA,NA,NA,NA,NA,NA,NA,NA,NA,proj,1731401443731,NA,2024,regular,nfl,3321,season,1731401443731,MIA,rotowire,NA,
6794,https://api.sleeper.com/projections/nfl/player/6794?season_type=regular&season=2024,NA,9.7,999,5.8,1.7,1.6,1.7,4.3,3.4,4.9,999,4.3,NA,1,18,229.9,275.9,183.9,92,18.4,27.6,18.4,9.2,9.2,18.4,142.7,7,1427,NA,2,1.2,NA,12,92,NA,NA,NA,NA,NA,NA,NA,NA,NA,NA,proj,1731401447471,NA,2024,regular,nfl,6794,season,1731401447471,MIN,rotowire,NA,
7564,https://api.sleeper.com/projections/nfl/player/7564?season_type=regular&season=2024,NA,10.5,999,8,3.9,3.6,3.9,5.6,7.8,5.6,999,5.6,NA,1,18,236.8,289.3,184.3,105,21,31.5,21,10.5,10.5,21,136.7,8,1367,NA,3,1.6,NA,16,105,NA,NA,NA,NA,NA,NA,NA,NA,NA,NA,proj,1731401448458,NA,2024,regular,nfl,7564,season,1731401448458,CIN,rotowire,NA,
9509,https://api.sleeper.com/projections/nfl/player/9509?season_type=regular&season=2024,NA,13.5,999,12.5,4.6,6.7,4.6,6.1,10.8,6.5,999,6.1,56,2,18,239.8,267.8,211.8,56,11.2,16.8,11.2,5.6,5.6,11.2,41.8,2,418,NA,247,114,8,1140,NA,NA,NA,NA,NA,NA,NA,NA,NA,NA,NA,proj,1731401450411,NA,2024,regular,nfl,9509,season,1731401450411,ATL,rotowire,NA,
7547,https://api.sleeper.com/projections/nfl/player/7547?season_type=regular&season=2024,NA,11.1,999,10.2,5.9,5.2,5.9,6.2,9.5,6.8,999,6.2,NA,1,18,212.5,265,160,105,21,31.5,21,10.5,10.5,21,116.6,7,1166,NA,6,3.4,NA,34,105,NA,NA,NA,NA,NA,NA,NA,NA,NA,NA,proj,1731401448435,NA,2024,regular,nfl,7547,season,1731401448435,DET,rotowire,NA,
8155,https://api.sleeper.com/projections/nfl/player/8155?season_type=regular&season=2024,NA,12.3,999,16,7.3,7.2,7.3,8.6,13.6,8.8,999,8.6,55,2,18,256.7,284.2,229.2,55,11,16.5,11,5.5,5.5,11,40.8,2,408,1,270,124.4,9,1244,NA,NA,NA,NA,NA,NA,NA,NA,NA,NA,NA,proj,1731401449299,NA,2024,regular,nfl,8155,season,1731401449299,NYJ,rotowire,NA,
5859,https://api.sleeper.com/projections/nfl/player/5859?season_type=regular&season=2024,NA,15.2,999,23.8,13.9,13.5,13.9,9.1,15.4,9.1,999,9.1,NA,1,18,223,267,179,88,17.6,26.4,17.6,8.8,8.8,17.6,132.4,8,1324,NA,1,0.6,NA,6,88,NA,NA,NA,NA,NA,NA,NA,NA,NA,NA,proj,1731401446295,NA,2024,regular,nfl,5859,season,1731401446295,PHI,rotowire,NA,
9493,https://api.sleeper.com/projections/nfl/player/9493?season_type=regular&season=2024,NA,17.7,999,20.2,11.3,11.2,11.3,15.9,17.2,17.3,999,15.9,NA,1,18,207.9,252.4,163.4,89,17.8,26.7,17.8,8.9,8.9,17.8,119.4,7,1194,NA,8,4,NA,40,89,NA,NA,NA,NA,NA,NA,NA,NA,NA,NA,proj,1731401450387,NA,2024,regular,nfl,9493,season,1731401450387,LAR,rotowire,NA,
9221,https://api.sleeper.com/projections/nfl/player/9221?season_type=regular&season=2024,NA,18.8,999,18.6,9.7,10.9,9.7,10.3,15.6,12.7,999,10.3,53,1,18,208.7,235.2,182.2,53,10.6,15.9,10.6,5.3,5.3,10.6,39.7,2,397,NA,191,90.5,7,905,NA,NA,NA,NA,NA,NA,NA,NA,NA,NA,NA,proj,1731401450349,NA,2024,regular,nfl,9221,season,1731401450349,DET,rotowire,NA,
8146,https://api.sleeper.com/projections/nfl/player/8146?season_type=regular&season=2024,NA,20.5,999,21,12,12.3,12,13.3,19.5,11.7,999,13.3,NA,1,18,200.3,244.8,155.8,89,17.8,26.7,17.8,8.9,8.9,17.8,113,7,1130,NA,5,2.8,NA,28,89,NA,NA,NA,NA,NA,NA,NA,NA,NA,NA,proj,1731401449284,NA,2024,regular,nfl,8146,season,1731401449284,NYJ,rotowire,NA,
6813,https://api.sleeper.com/projections/nfl/player/6813?season_type=regular&season=2024,NA,23.9,999,26.6,14.3,14,14.3,11.8,20,13.9,999,11.8,32,2,18,227.3,243.3,211.3,32,6.4,9.6,6.4,3.2,3.2,6.4,24.4,1,244,1,266,122.9,10,1229,NA,NA,NA,NA,NA,NA,NA,NA,NA,NA,NA,proj,1731401447497,NA,2024,regular,nfl,6813,season,1731401447497,IND,rotowire,NA,
11628,https://api.sleeper.com/projections/nfl/player/11628?season_type=regular&season=2024,NA,23.1,999,14.7,7.4,7.9,7.4,14,14.2,15.4,999,14,NA,1,18,196.8,234.8,158.8,76,15.2,22.8,15.2,7.6,7.6,15.2,112.1,8,1121,NA,1,0.7,NA,7,76,NA,NA,NA,NA,NA,NA,NA,NA,NA,NA,proj,1731401441545,NA,2024,regular,nfl,11628,season,1731401441545,ARI,rotowire,NA,
4866,https://api.sleeper.com/projections/nfl/player/4866?season_type=regular&season=2024,NA,22.5,999,34.7,19.5,17.7,19.5,12.1,21.9,12.6,999,12.1,42,2,18,260.2,281.2,239.2,42,8.4,12.6,8.4,4.2,4.2,8.4,31.1,2,311,1,299,150.1,8,1501,NA,NA,NA,NA,NA,NA,NA,NA,NA,NA,NA,proj,1731401445082,NA,2024,regular,nfl,4866,season,1731401445082,PHI,rotowire,NA,
8150,https://api.sleeper.com/projections/nfl/player/8150?season_type=regular&season=2024,NA,28.4,999,38.7,22.8,23.8,22.8,17.8,26.1,16.9,999,17.8,35,2,18,209,226.5,191.5,35,7,10.5,7,3.5,3.5,7,26,1,260,1,242,107.5,9,1075,NA,NA,NA,NA,NA,NA,NA,NA,NA,NA,NA,proj,1731401449291,NA,2024,regular,nfl,8150,season,1731401449291,LAR,rotowire,NA,
2133,https://api.sleeper.com/projections/nfl/player/2133?season_type=regular&season=2024,NA,33.5,999,73.3,61.2,58.2,61.2,20.7,51.4,17.6,999,20.7,NA,1,18,201.3,244.3,158.3,86,17.2,25.8,17.2,8.6,8.6,17.2,111.8,8,1118,NA,1,0.5,NA,5,86,NA,NA,NA,NA,NA,NA,NA,NA,NA,NA,proj,1731401443113,NA,2024,regular,nfl,2133,season,1731401443113,NYJ,rotowire,NA,
8112,https://api.sleeper.com/projections/nfl/player/8112?season_type=regular&season=2024,NA,31.6,999,33.1,23.3,24,23.3,19.4,29.2,19.7,999,19.4,NA,1,18,194.5,237,152,85,17,25.5,17,8.5,8.5,17,110.9,7,1109,NA,2,1.1,NA,11,85,NA,NA,NA,NA,NA,NA,NA,NA,NA,NA,proj,1731401449241,NA,2024,regular,nfl,8112,season,1731401449241,ATL,rotowire,NA,
8144,https://api.sleeper.com/projections/nfl/player/8144?season_type=regular&season=2024,NA,31.8,999,30.4,20.5,19,20.5,22.6,25.8,23.4,999,22.6,NA,1,18,170.8,208.3,133.3,75,15,22.5,15,7.5,7.5,15,98.9,6,989,NA,1,0.4,NA,4,75,NA,NA,NA,NA,NA,NA,NA,NA,NA,NA,proj,1731401449281,NA,2024,regular,nfl,8144,season,1731401449281,NO,rotowire,NA,
10859,https://api.sleeper.com/projections/nfl/player/10859?season_type=regular&season=2024,NA,26.6,999,25.8,15.5,15.1,15.5,30,23.6,24.8,999,30,NA,1,18,146,182.5,109.5,73,14.6,21.9,14.6,7.3,7.3,14.6,75.5,6,755,NA,NA,NA,NA,NA,NA,73,NA,NA,NA,NA,NA,NA,NA,NA,NA,proj,1731401440506,NA,2024,regular,nfl,10859,season,1731401440506,DET,rotowire,NA,
6803,https://api.sleeper.com/projections/nfl/player/6803?season_type=regular&season=2024,NA,35.6,999,37,26,25,26,26.4,31.8,26.6,999,26.4,NA,1,18,181.1,217.1,145.1,72,14.4,21.6,14.4,7.2,7.2,14.4,104.6,7,1046,NA,1,0.5,NA,5,72,NA,NA,NA,NA,NA,NA,NA,NA,NA,NA,proj,1731401447482,NA,2024,regular,nfl,6803,season,1731401447482,SF,rotowire,NA,
4984,https://api.sleeper.com/projections/nfl/player/4984?season_type=regular&season=2024,NA,1.5,999,2.6,21.7,21,21.7,20.2,1.7,22.2,999,20.2,NA,4,18,359.4,359.4,359.4,NA,NA,NA,NA,NA,NA,NA,NA,NA,NA,NA,111,55,9,550,NA,NA,65.26,1,544,355,403.5,13,27,4035,NA,proj,1731401445214,NA,2024,regular,nfl,4984,season,1731401445214,BUF,rotowire,NA,
9226,https://api.sleeper.com/projections/nfl/player/9226?season_type=regular&season=2024,NA,44.2,999,41.9,25,26,25,23,34.8,25,999,23,59,1,18,213.7,243.2,184.2,59,11.8,17.7,11.8,5.9,5.9,11.8,43.9,2,439,NA,189,88.3,7,883,NA,NA,NA,NA,NA,NA,NA,NA,NA,NA,NA,proj,1731401450356,NA,2024,regular,nfl,9226,season,1731401450356,MIA,rotowire,NA,
7543,https://api.sleeper.com/projections/nfl/player/7543?season_type=regular&season=2024,NA,30.7,999,31.6,17.4,15.3,17.4,16.3,23.3,18.4,999,16.3,45,2,18,203.5,226,181,45,9,13.5,9,4.5,4.5,9,33.8,1,338,NA,249,103.2,7,1032,NA,NA,NA,NA,NA,NA,NA,NA,NA,NA,NA,proj,1731401448430,NA,2024,regular,nfl,7543,season,1731401448430,JAX,rotowire,NA,
1466,https://api.sleeper.com/projections/nfl/player/1466?season_type=regular&season=2024,NA,27.9,999,50.7,45.4,43.4,45.4,25.6,31.9,20.8,999,25.6,NA,1,18,171,213,129,84,16.8,25.2,16.8,8.4,8.4,16.8,88.6,7,886,NA,1,0.4,NA,4,NA,84,NA,NA,NA,NA,NA,NA,NA,NA,NA,proj,1731401442760,NA,2024,regular,nfl,1466,season,1731401442760,KC,rotowire,NA,
5850,https://api.sleeper.com/projections/nfl/player/5850?season_type=regular&season=2024,NA,41.3,999,53.6,31.8,30.4,31.8,24,33,27.5,999,24,36,1,18,202,220,184,36,7.2,10.8,7.2,3.6,3.6,7.2,26,1,260,NA,238,106,8,1060,NA,NA,NA,NA,NA,NA,NA,NA,NA,NA,NA,proj,1731401446280,NA,2024,regular,nfl,5850,season,1731401446280,GB,rotowire,NA,
3198,https://api.sleeper.com/projections/nfl/player/3198?season_type=regular&season=2024,NA,34.4,999,69.5,49.9,47,49.9,18.6,47.8,20.5,999,18.6,20,1,18,278,288,268,20,4,6,4,2,2,4,14.5,1,145,1,301,157.5,15,1575,NA,NA,NA,NA,NA,NA,NA,NA,NA,NA,NA,proj,1731401443600,NA,2024,regular,nfl,3198,season,1731401443600,BAL,rotowire,NA,
7569,https://api.sleeper.com/projections/nfl/player/7569?season_type=regular&season=2024,NA,53.5,999,46.4,36.8,36.8,36.8,33.5,46.7,31.1,999,33.5,NA,1,18,202.1,242.6,161.6,81,16.2,24.3,16.2,8.1,8.1,16.2,120.6,7,1206,NA,2,1,NA,10,81,NA,NA,NA,NA,NA,NA,NA,NA,NA,NA,proj,1731401448463,NA,2024,regular,nfl,7569,season,1731401448463,HOU,rotowire,NA,
2449,https://api.sleeper.com/projections/nfl/player/2449?season_type=regular&season=2024,NA,52.3,999,77.1,62.7,55.3,62.7,34.7,55.8,32.2,999,34.7,NA,1,18,186.1,230.1,142.1,88,17.6,26.4,17.6,8.8,8.8,17.6,101.6,7,1016,NA,1,0.5,NA,5,88,NA,NA,NA,NA,NA,NA,NA,NA,NA,NA,proj,1731401443330,NA,2024,regular,nfl,2449,season,1731401443330,HOU,rotowire,NA,
2216,https://api.sleeper.com/projections/nfl/player/2216?season_type=regular&season=2024,NA,42.1,999,76,63.3,63.1,63.3,29.9,61.5,29.4,999,29.9,NA,1,18,195.4,232.4,158.4,74,14.8,22.2,14.8,7.4,7.4,14.8,111.9,8,1119,NA,1,0.5,NA,5,74,NA,NA,NA,NA,NA,NA,NA,NA,NA,NA,proj,1731401443147,NA,2024,regular,nfl,2216,season,1731401443147,TB,rotowire,NA,
4983,https://api.sleeper.com/projections/nfl/player/4983?season_type=regular&season=2024,NA,54.7,999,52.4,39.9,39,39.9,38.6,41.1,37.1,999,38.6,NA,1,18,186.9,225.9,147.9,78,15.6,23.4,15.6,7.8,7.8,15.6,105.5,7,1055,NA,4,2.4,NA,24,78,NA,NA,NA,NA,NA,NA,NA,NA,NA,NA,proj,1731401445212,NA,2024,regular,nfl,4983,season,1731401445212,CHI,rotowire,NA,
5872,https://api.sleeper.com/projections/nfl/player/5872?season_type=regular&season=2024,NA,55.3,999,67.8,55.3,55.9,55.3,27.4,57.9,33.3,999,27.4,NA,1,18,200.1,232.6,167.6,65,13,19.5,13,6.5,6.5,13,91.3,6,913,NA,41,24.3,3,243,65,NA,NA,NA,NA,NA,NA,NA,NA,NA,NA,proj,1731401446312,NA,2024,regular,nfl,5872,season,1731401446312,SF,rotowire,NA,
8205,https://api.sleeper.com/projections/nfl/player/8205?season_type=regular&season=2024,NA,45.6,999,54.9,33,31.4,33,27.4,36.2,27.6,999,27.4,43,1,18,215.4,236.9,193.9,43,8.6,12.9,8.6,4.3,4.3,8.6,31.8,2,318,NA,230,104.1,8,1041,NA,NA,NA,NA,NA,NA,NA,NA,NA,NA,NA,proj,1731401449367,NA,2024,regular,nfl,8205,season,1731401449367,KC,rotowire,NA,
6819,https://api.sleeper.com/projections/nfl/player/6819?season_type=regular&season=2024,NA,43.7,999,44.7,35.7,31.5,35.7,44.7,37,40.8,999,44.7,NA,1,18,139.8,173.3,106.3,67,13.4,20.1,13.4,6.7,6.7,13.4,77.9,5,779,NA,1,0.4,NA,4,67,NA,NA,NA,NA,NA,NA,NA,NA,NA,NA,proj,1731401447504,NA,2024,regular,nfl,6819,season,1731401447504,IND,rotowire,NA,
6904,https://api.sleeper.com/projections/nfl/player/6904?season_type=regular&season=2024,NA,4.4,999,4.2,29.5,28.1,29.5,31.3,7.3,34.7,999,31.3,NA,3,18,346.46,346.46,346.46,NA,NA,NA,NA,NA,NA,NA,NA,NA,NA,NA,151,64.9,10,649,NA,NA,65.52,1,493,323,361.4,11,23,3614,NA,proj,1731401447613,NA,2024,regular,nfl,6904,season,1731401447613,PHI,rotowire,NA,
7526,https://api.sleeper.com/projections/nfl/player/7526?season_type=regular&season=2024,NA,46.7,999,36.8,27,27.4,27,34.9,35,36,999,34.9,NA,1,18,186,226.5,145.5,81,16.2,24.3,16.2,8.1,8.1,16.2,109.7,6,1097,NA,3,1.8,NA,18,81,NA,NA,NA,NA,NA,NA,NA,NA,NA,NA,proj,1731401448408,NA,2024,regular,nfl,7526,season,1731401448408,MIA,rotowire,NA,
11632,https://api.sleeper.com/projections/nfl/player/11632?season_type=regular&season=2024,NA,57.2,999,27.4,15.9,20.1,15.9,42,30.2,44,999,42,NA,1,18,203.8,250.3,157.3,93,18.6,27.9,18.6,9.3,9.3,18.6,115.6,7,1156,NA,2,1.7,NA,17,93,NA,NA,NA,NA,NA,NA,NA,NA,NA,NA,proj,1731401441551,NA,2024,regular,nfl,11632,season,1731401441551,NYG,rotowire,NA,
4046,https://api.sleeper.com/projections/nfl/player/4046?season_type=regular&season=2024,NA,3.3,999,1.4,18.7,18.5,18.7,32.8,2.5,30.7,999,32.8,NA,4,18,326.2,326.2,326.2,NA,NA,NA,NA,NA,NA,NA,NA,NA,NA,NA,67,35,2,350,NA,NA,65.87,1,583,384,425.5,13,32,4255,NA,proj,1731401444162,NA,2024,regular,nfl,4046,season,1731401444162,KC,rotowire,NA,
4881,https://api.sleeper.com/projections/nfl/player/4881?season_type=regular&season=2024,NA,7.8,999,6.1,34.1,33.1,34.1,36.3,11.6,34.4,999,36.3,NA,3,18,350.14,350.14,350.14,NA,NA,NA,NA,NA,NA,NA,NA,NA,NA,NA,161,94.5,5,945,NA,NA,65.73,1,464,305,351.6,11,25,3516,NA,proj,1731401445091,NA,2024,regular,nfl,4881,season,1731401445091,BAL,rotowire,NA,
8136,https://api.sleeper.com/projections/nfl/player/8136?season_type=regular&season=2024,NA,48,999,55.5,37.3,38,37.3,37.6,39.5,38.5,999,37.6,50,2,18,194.3,219.3,169.3,50,10,15,10,5,5,10,37,2,370,NA,215,88.3,6,883,NA,NA,NA,NA,NA,NA,NA,NA,NA,NA,NA,proj,1731401449272,NA,2024,regular,nfl,8136,season,1731401449272,TB,rotowire,NA,
9758,https://api.sleeper.com/projections/nfl/player/9758?season_type=regular&season=2024,NA,8,999,3.1,23.8,22.5,23.8,46.2,6.8,41.4,999,46.2,NA,3,18,322.18,322.18,322.18,NA,NA,NA,NA,NA,NA,NA,NA,NA,NA,NA,46,19.5,2,195,NA,NA,64.59,1,579,374,436.7,12,33,4367,NA,proj,1731401450440,NA,2024,regular,nfl,9758,season,1731401450440,HOU,rotowire,NA,
4039,https://api.sleeper.com/projections/nfl/player/4039?season_type=regular&season=2024,NA,55.4,999,85,71.2,68.4,71.2,39.1,70.6,39,999,39.1,NA,1,18,194.9,239.9,149.9,90,18,27,18,9,9,18,107.3,7,1073,NA,4,2.6,NA,26,90,NA,NA,NA,NA,NA,NA,NA,NA,NA,NA,proj,1731401444158,NA,2024,regular,nfl,4039,season,1731401444158,LAR,rotowire,NA,
8130,https://api.sleeper.com/projections/nfl/player/8130?season_type=regular&season=2024,NA,39.4,999,39.6,39.6,37.9,39.6,48.2,38.1,46,999,48.2,NA,1,18,158.3,199.3,117.3,82,16.4,24.6,16.4,8.2,8.2,16.4,83.3,6,833,NA,NA,NA,NA,NA,NA,82,NA,NA,NA,NA,NA,NA,NA,NA,NA,proj,1731401449265,NA,2024,regular,nfl,8130,season,1731401449265,ARI,rotowire,NA,
5846,https://api.sleeper.com/projections/nfl/player/5846?season_type=regular&season=2024,NA,59,999,57.9,38.6,41.3,38.6,41.9,50.9,43.1,999,41.9,NA,1,18,192,229.5,154.5,75,15,22.5,15,7.5,7.5,15,108,8,1080,NA,1,0.5,NA,5,75,NA,NA,NA,NA,NA,NA,NA,NA,NA,NA,proj,1731401446275,NA,2024,regular,nfl,5846,season,1731401446275,SEA,rotowire,NA,
7525,https://api.sleeper.com/projections/nfl/player/7525?season_type=regular&season=2024,NA,60.6,999,45.1,30.2,29.5,30.2,47.3,47,48.7,999,47.3,NA,1,18,181.2,223.7,138.7,85,17,25.5,17,8.5,8.5,17,104.1,6,1041,NA,1,0.6,NA,6,85,NA,NA,NA,NA,NA,NA,NA,NA,NA,NA,proj,1731401448407,NA,2024,regular,nfl,7525,season,1731401448407,PHI,rotowire,NA,
8138,https://api.sleeper.com/projections/nfl/player/8138?season_type=regular&season=2024,NA,58.8,999,59.1,41.4,39.7,41.4,40.2,53.2,41.1,999,40.2,42,1,18,194.7,215.7,173.7,42,8.4,12.6,8.4,4.2,4.2,8.4,32.4,2,324,NA,213,95.3,6,953,NA,NA,NA,NA,NA,NA,NA,NA,NA,NA,NA,proj,1731401449275,NA,2024,regular,nfl,8138,season,1731401449275,BUF,rotowire,NA,
5012,https://api.sleeper.com/projections/nfl/player/5012?season_type=regular&season=2024,NA,47.5,999,58.8,51.4,47.2,51.4,48.3,52.2,45.8,999,48.3,NA,1,18,114.2,138.7,89.7,49,9.8,14.7,9.8,4.9,4.9,9.8,61.7,5,617,NA,NA,NA,NA,NA,NA,49,NA,NA,NA,NA,NA,NA,NA,NA,NA,proj,1731401445249,NA,2024,regular,nfl,5012,season,1731401445249,BAL,rotowire,NA,
10236,https://api.sleeper.com/projections/nfl/player/10236?season_type=regular&season=2024,NA,49.8,999,43.6,44.3,44.7,44.3,51.3,44.6,51.6,999,51.3,NA,1,18,144.9,182.9,106.9,76,15.2,22.8,15.2,7.6,7.6,15.2,78.9,5,789,NA,NA,NA,NA,NA,NA,76,NA,NA,NA,NA,NA,NA,NA,NA,NA,proj,1731401440463,NA,2024,regular,nfl,10236,season,1731401440463,BUF,rotowire,NA,
4018,https://api.sleeper.com/projections/nfl/player/4018?season_type=regular&season=2024,NA,63.7,999,79.8,59.1,57.2,59.1,43.2,63.4,47.7,999,43.2,40,1,18,204.2,224.2,184.2,40,8,12,8,4,4,8,29.1,1,291,NA,238,103.1,8,1031,NA,NA,NA,NA,NA,NA,NA,NA,NA,NA,NA,proj,1731401444141,NA,2024,regular,nfl,4018,season,1731401444141,HOU,rotowire,NA,
9997,https://api.sleeper.com/projections/nfl/player/9997?season_type=regular&season=2024,NA,70.9,999,55.9,42.1,42.5,42.1,52.7,60.2,52.7,999,52.7,NA,1,18,179.8,222.3,137.3,85,17,25.5,17,8.5,8.5,17,97.9,6,979,NA,8,5.4,NA,54,85,NA,NA,NA,NA,NA,NA,NA,NA,NA,NA,proj,1731401450455,NA,2024,regular,nfl,9997,season,1731401450455,BAL,rotowire,NA,
9502,https://api.sleeper.com/projections/nfl/player/9502?season_type=regular&season=2024,NA,73.4,999,60.4,46.5,46.7,46.5,54.9,66.7,54,999,54.9,NA,1,18,178.1,214.1,142.1,72,14.4,21.6,14.4,7.2,7.2,14.4,93.4,6,934,NA,16,8.7,1,87,72,NA,NA,NA,NA,NA,NA,NA,NA,NA,NA,proj,1731401450401,NA,2024,regular,nfl,9502,season,1731401450401,HOU,rotowire,NA,
8151,https://api.sleeper.com/projections/nfl/player/8151?season_type=regular&season=2024,NA,62.5,999,51.8,31.1,35.4,31.1,45.1,43.6,50.6,999,45.1,31,1,18,181.1,196.6,165.6,31,6.2,9.3,6.2,3.1,3.1,6.2,22.6,1,226,NA,231,97,7,970,NA,NA,NA,NA,NA,NA,NA,NA,NA,NA,NA,proj,1731401449293,NA,2024,regular,nfl,8151,season,1731401449293,SEA,rotowire,NA,
4035,https://api.sleeper.com/projections/nfl/player/4035?season_type=regular&season=2024,NA,63.6,999,87.7,69.5,63.2,69.5,50.9,71.9,48,999,50.9,56,1,18,211.3,239.3,183.3,56,11.2,16.8,11.2,5.6,5.6,11.2,42,2,420,NA,208,89.3,7,893,NA,NA,NA,NA,NA,NA,NA,NA,NA,NA,NA,proj,1731401444153,NA,2024,regular,nfl,4035,season,1731401444153,NO,rotowire,NA,
8137,https://api.sleeper.com/projections/nfl/player/8137?season_type=regular&season=2024,NA,71.3,999,63.7,57.3,60.2,57.3,60.8,63.6,57,999,60.8,NA,1,18,177.7,213.2,142.2,71,14.2,21.3,14.2,7.1,7.1,14.2,107.2,6,1072,NA,2,1,NA,10,71,NA,NA,NA,NA,NA,NA,NA,NA,NA,NA,proj,1731401449273,NA,2024,regular,nfl,8137,season,1731401449273,PIT,rotowire,NA,
6801,https://api.sleeper.com/projections/nfl/player/6801?season_type=regular&season=2024,NA,71.5,999,62.2,47.5,50.3,47.5,57.3,67.2,60.1,999,57.3,NA,1,18,186.6,226.1,147.1,79,15.8,23.7,15.8,7.9,7.9,15.8,106.5,7,1065,NA,1,0.6,NA,6,79,NA,NA,NA,NA,NA,NA,NA,NA,NA,NA,proj,1731401447480,NA,2024,regular,nfl,6801,season,1731401447480,CIN,rotowire,NA,
7553,https://api.sleeper.com/projections/nfl/player/7553?season_type=regular&season=2024,NA,61.1,999,49.5,47.5,49.7,47.5,61.3,54.7,55.3,999,61.3,NA,1,18,124,151.5,96.5,55,11,16.5,11,5.5,5.5,11,68.5,5,685,NA,NA,NA,NA,NA,NA,55,NA,NA,NA,NA,NA,NA,NA,NA,NA,proj,1731401448443,NA,2024,regular,nfl,7553,season,1731401448443,ATL,rotowire,NA,
1479,https://api.sleeper.com/projections/nfl/player/1479?season_type=regular&season=2024,NA,77.2,999,116.7,102.9,95.4,102.9,65.5,107,64.3,999,65.5,NA,1,18,153.1,191.1,115.1,76,15.2,22.8,15.2,7.6,7.6,15.2,80.1,6,801,NA,2,1,NA,10,76,NA,NA,NA,NA,NA,NA,NA,NA,NA,NA,proj,1731401442769,NA,2024,regular,nfl,1479,season,1731401442769,CHI,rotowire,NA,
2309,https://api.sleeper.com/projections/nfl/player/2309?season_type=regular&season=2024,NA,66.4,999,98.8,84.5,79.3,84.5,55.2,82.1,59.6,999,55.2,NA,1,18,205.6,247.6,163.6,84,16.8,25.2,16.8,8.4,8.4,16.8,117.1,8,1171,NA,1,0.5,NA,5,84,NA,NA,NA,NA,NA,NA,NA,NA,NA,NA,proj,1731401443191,NA,2024,regular,nfl,2309,season,1731401443191,BUF,rotowire,NA,
9229,https://api.sleeper.com/projections/nfl/player/9229?season_type=regular&season=2024,NA,14.6,999,13,52.3,52.7,52.3,53.7,22.1,56,999,53.7,NA,3,18,289.3,289.3,289.3,NA,NA,NA,NA,NA,NA,NA,NA,NA,NA,NA,122,59.9,7,599,NA,NA,57.69,1,468,270,323.5,14,19,3235,NA,proj,1731401450360,NA,2024,regular,nfl,9229,season,1731401450360,IND,rotowire,NA,
4217,https://api.sleeper.com/projections/nfl/player/4217?season_type=regular&season=2024,NA,69.3,999,82.4,78.5,74.6,78.5,58.9,73.4,53.2,999,58.9,NA,1,18,171.3,207.3,135.3,72,14.4,21.6,14.4,7.2,7.2,14.4,94.7,7,947,NA,1,0.6,NA,6,NA,72,NA,NA,NA,NA,NA,NA,NA,NA,NA,proj,1731401444380,NA,2024,regular,nfl,4217,season,1731401444380,SF,rotowire,NA,
4199,https://api.sleeper.com/projections/nfl/player/4199?season_type=regular&season=2024,NA,74.8,999,106.9,85.6,84,85.6,55.8,83.1,58.8,999,55.8,36,1,18,181.6,199.6,163.6,36,7.2,10.8,7.2,3.6,3.6,7.2,26.7,2,267,NA,203,90.9,6,909,NA,NA,NA,NA,NA,NA,NA,NA,NA,NA,NA,proj,1731401444360,NA,2024,regular,nfl,4199,season,1731401444360,MIN,rotowire,NA,
4137,https://api.sleeper.com/projections/nfl/player/4137?season_type=regular&season=2024,NA,84.1,999,121.4,101.6,100.8,101.6,59.7,110.4,62.5,999,59.7,33,1,18,175.3,191.8,158.8,33,6.6,9.9,6.6,3.3,3.3,6.6,24.6,1,246,NA,204,88.2,7,882,NA,NA,NA,NA,NA,NA,NA,NA,NA,NA,NA,proj,1731401444281,NA,2024,regular,nfl,4137,season,1731401444281,ARI,rotowire,NA,
4950,https://api.sleeper.com/projections/nfl/player/4950?season_type=regular&season=2024,NA,76.1,999,101.6,89.9,87.7,89.9,67.7,99.2,66.6,999,67.7,NA,1,18,168.2,206.2,130.2,76,15.2,22.8,15.2,7.6,7.6,15.2,95.1,6,951,NA,2,1.1,NA,11,76,NA,NA,NA,NA,NA,NA,NA,NA,NA,NA,proj,1731401445171,NA,2024,regular,nfl,4950,season,1731401445171,JAX,rotowire,NA,
11620,https://api.sleeper.com/projections/nfl/player/11620?season_type=regular&season=2024,NA,91.6,999,39.9,28.5,34.7,28.5,72.8,55.7,72.6,999,72.8,NA,1,18,145.8,175.3,116.3,59,11.8,17.7,11.8,5.9,5.9,11.8,81.7,6,817,NA,1,0.6,NA,6,59,NA,NA,NA,NA,NA,NA,NA,NA,NA,NA,proj,1731401441535,NA,2024,regular,nfl,11620,season,1731401441535,CHI,rotowire,NA,
6770,https://api.sleeper.com/projections/nfl/player/6770?season_type=regular&season=2024,NA,15.6,999,9.4,54.3,54.2,54.3,62.3,18,61.2,999,62.3,NA,4,18,312.44,312.44,312.44,NA,NA,NA,NA,NA,NA,NA,NA,NA,NA,NA,53,18.4,2,184,NA,NA,67.51,1,594,401,430.1,12,32,4301,NA,proj,1731401447431,NA,2024,regular,nfl,6770,season,1731401447431,CIN,rotowire,NA,
5892,https://api.sleeper.com/projections/nfl/player/5892?season_type=regular&season=2024,NA,82.7,999,97.9,76.1,76.4,76.1,62.8,89.4,65.8,999,62.8,22,1,18,176.3,187.3,165.3,22,4.4,6.6,4.4,2.2,2.2,4.4,16,1,160,NA,206,91.3,9,913,NA,NA,NA,NA,NA,NA,NA,NA,NA,NA,NA,proj,1731401446341,NA,2024,regular,nfl,5892,season,1731401446341,DET,rotowire,NA,
6790,https://api.sleeper.com/projections/nfl/player/6790?season_type=regular&season=2024,NA,78.6,999,71.6,53.4,53.9,53.4,64.1,69.2,62.1,999,64.1,46,1,18,202.9,225.9,179.9,46,9.2,13.8,9.2,4.6,4.6,9.2,33.9,1,339,NA,239,100,7,1000,NA,NA,NA,NA,NA,NA,NA,NA,NA,NA,NA,proj,1731401447465,NA,2024,regular,nfl,6790,season,1731401447465,CHI,rotowire,NA,
5927,https://api.sleeper.com/projections/nfl/player/5927?season_type=regular&season=2024,NA,81.1,999,92.2,83.2,82.6,83.2,68,91.6,68.7,999,68,NA,1,18,181.9,221.4,142.4,79,15.8,23.7,15.8,7.9,7.9,15.8,101.8,7,1018,NA,1,0.6,NA,6,79,NA,NA,NA,NA,NA,NA,NA,NA,NA,NA,proj,1731401446389,NA,2024,regular,nfl,5927,season,1731401446389,WAS,rotowire,NA,
4066,https://api.sleeper.com/projections/nfl/player/4066?season_type=regular&season=2024,NA,68.2,999,94.6,95.3,92.1,95.3,71.6,84.4,67.6,999,71.6,NA,1,18,129,165.5,92.5,73,14.6,21.9,14.6,7.3,7.3,14.6,70.5,4,705,NA,NA,NA,NA,NA,NA,73,NA,NA,NA,NA,NA,NA,NA,NA,NA,proj,1731401444185,NA,2024,regular,nfl,4066,season,1731401444185,JAX,rotowire,NA,
10229,https://api.sleeper.com/projections/nfl/player/10229?season_type=regular&season=2024,NA,95.5,999,78.8,68.9,66.3,68.9,81.7,87,69.7,999,81.7,NA,NA,18,NA,NA,NA,NA,NA,NA,NA,NA,NA,NA,NA,NA,NA,NA,NA,NA,NA,NA,NA,NA,NA,NA,NA,NA,NA,NA,NA,NA,NA,proj,1731401440452,NA,2024,regular,nfl,10229,season,1731401440452,KC,rotowire,NA,
9756,https://api.sleeper.com/projections/nfl/player/9756?season_type=regular&season=2024,NA,99.7,999,68.1,60.8,61.2,60.8,83.5,79.5,85.1,999,83.5,NA,1,18,165.4,199.9,130.9,69,13.8,20.7,13.8,6.9,6.9,13.8,95.1,6,951,NA,3,1.8,NA,18,69,NA,NA,NA,NA,NA,NA,NA,NA,NA,NA,proj,1731401450437,NA,2024,regular,nfl,9756,season,1731401450437,MIN,rotowire,NA,
7611,https://api.sleeper.com/projections/nfl/player/7611?season_type=regular&season=2024,NA,79.6,999,86.5,65,67.6,65,66.1,79,69.5,999,66.1,37,1,18,196.6,215.1,178.1,37,7.4,11.1,7.4,3.7,3.7,7.4,27.3,1,273,NA,249,104.8,7,1048,NA,NA,NA,NA,NA,NA,NA,NA,NA,NA,NA,proj,1731401448512,NA,2024,regular,nfl,7611,season,1731401448512,NE,rotowire,NA,
10222,https://api.sleeper.com/projections/nfl/player/10222?season_type=regular&season=2024,NA,87.5,999,81.7,75.5,73.7,75.5,74.1,90.6,74.6,999,74.1,NA,1,18,174.8,210.3,139.3,71,14.2,21.3,14.2,7.1,7.1,14.2,88.6,6,886,NA,19,10.7,1,107,71,NA,NA,NA,NA,NA,NA,NA,NA,NA,NA,proj,1731401440441,NA,2024,regular,nfl,10222,season,1731401440441,GB,rotowire,NA,
11624,https://api.sleeper.com/projections/nfl/player/11624?season_type=regular&season=2024,NA,95.7,999,65.3,55.5,59.1,55.5,76.3,74.8,76.7,999,76.3,NA,NA,18,156,188,124,64,12.8,19.2,12.8,6.4,6.4,12.8,85.8,6,858,NA,3,2.2,NA,22,64,NA,NA,NA,NA,NA,NA,NA,NA,NA,NA,proj,1731401441539,NA,2024,regular,nfl,11624,season,1731401441539,KC,rotowire,NA,
4037,https://api.sleeper.com/projections/nfl/player/4037?season_type=regular&season=2024,NA,89.3,999,107.2,97.1,95.7,97.1,79.3,113,75,999,79.3,NA,1,18,202.8,250.3,155.3,95,19,28.5,19,9.5,9.5,19,112.6,7,1126,NA,4,2.7,NA,27,95,NA,NA,NA,NA,NA,NA,NA,NA,NA,NA,proj,1731401444156,NA,2024,regular,nfl,4037,season,1731401444156,TB,rotowire,NA,
11604,https://api.sleeper.com/projections/nfl/player/11604?season_type=regular&season=2024,NA,83.1,999,47,43.3,45.2,43.3,83.2,59.9,79.8,999,83.2,NA,1,18,159.1,198.1,120.1,78,15.6,23.4,15.6,7.8,7.8,15.6,86.1,6,861,NA,NA,NA,NA,NA,NA,78,NA,NA,NA,NA,NA,NA,NA,NA,NA,proj,1731401441511,NA,2024,regular,nfl,11604,season,1731401441511,LV,rotowire,NA,
3294,https://api.sleeper.com/projections/nfl/player/3294?season_type=regular&season=2024,NA,19.1,999,35,106.6,103.8,106.6,76.6,45.4,71.2,999,76.6,NA,3,18,298.32,298.32,298.32,NA,NA,NA,NA,NA,NA,NA,NA,NA,NA,NA,53,22.2,2,222,NA,NA,67.51,1,551,372,402.8,13,30,4028,NA,proj,1731401443699,NA,2024,regular,nfl,3294,season,1731401443699,DAL,rotowire,NA,
5848,https://api.sleeper.com/projections/nfl/player/5848?season_type=regular&season=2024,NA,92.7,999,111.6,107.4,105,107.4,92.1,115.1,89.8,999,92.1,NA,NA,18,28.7,34.7,22.7,12,2.4,3.6,2.4,1.2,1.2,2.4,16.4,1,164,NA,1,0.3,NA,3,12,NA,NA,NA,NA,NA,NA,NA,NA,NA,NA,proj,1731401446277,NA,2024,regular,nfl,5848,season,1731401446277,KC,rotowire,NA,
4981,https://api.sleeper.com/projections/nfl/player/4981?season_type=regular&season=2024,NA,94.8,999,110.6,100.5,98.8,100.5,80.2,119.1,83.4,999,80.2,NA,1,18,162.2,194.2,130.2,64,12.8,19.2,12.8,6.4,6.4,12.8,92.8,6,928,NA,6,3.4,NA,34,64,NA,NA,NA,NA,NA,NA,NA,NA,NA,NA,proj,1731401445210,NA,2024,regular,nfl,4981,season,1731401445210,TEN,rotowire,NA,
7528,https://api.sleeper.com/projections/nfl/player/7528?season_type=regular&season=2024,NA,90.1,999,102.7,79.2,81.3,79.2,69.3,86.8,73.6,999,69.3,31,1,18,181.6,197.1,166.1,31,6.2,9.3,6.2,3.1,3.1,6.2,21.2,1,212,NA,242,98.9,7,989,NA,NA,NA,NA,NA,NA,NA,NA,NA,NA,NA,proj,1731401448411,NA,2024,regular,nfl,7528,season,1731401448411,PIT,rotowire,NA,
5967,https://api.sleeper.com/projections/nfl/player/5967?season_type=regular&season=2024,NA,102.6,999,103.1,79.8,79.5,79.8,78.5,103.5,76.9,999,78.5,39,1,18,200.2,219.7,180.7,39,7.8,11.7,7.8,3.9,3.9,7.8,27.6,1,276,NA,259,107.1,7,1071,NA,NA,NA,NA,NA,NA,NA,NA,NA,NA,NA,proj,1731401446444,NA,2024,regular,nfl,5967,season,1731401446444,TEN,rotowire,NA,
5849,https://api.sleeper.com/projections/nfl/player/5849?season_type=regular&season=2024,NA,21.4,999,23.7,87.2,90.7,87.2,69.9,39.2,78.1,999,69.9,NA,3,18,316.52,316.52,316.52,NA,NA,NA,NA,NA,NA,NA,NA,NA,NA,NA,101,57.2,5,572,NA,NA,64.55,1,536,346,383.3,12,23,3833,NA,proj,1731401446279,NA,2024,regular,nfl,5849,season,1731401446279,ARI,rotowire,NA,
2749,https://api.sleeper.com/projections/nfl/player/2749?season_type=regular&season=2024,NA,103.6,999,142.4,116.9,116.9,116.9,75.6,139.5,81.9,999,75.6,24,1,18,145.8,157.8,133.8,24,4.8,7.2,4.8,2.4,2.4,4.8,17.4,1,174,NA,164,76.4,6,764,NA,NA,NA,NA,NA,NA,NA,NA,NA,NA,NA,proj,1731401443453,NA,2024,regular,nfl,2749,season,1731401443453,MIA,rotowire,NA,
8139,https://api.sleeper.com/projections/nfl/player/8139?season_type=regular&season=2024,NA,93.9,999,95.1,81.2,83,81.2,73.8,101,82.2,999,73.8,20,1,18,112.7,122.7,102.7,20,4,6,4,2,2,4,14.2,1,142,NA,146,60.5,4,605,NA,NA,NA,NA,NA,NA,NA,NA,NA,NA,NA,proj,1731401449276,NA,2024,regular,nfl,8139,season,1731401449276,LV,rotowire,NA,
6804,https://api.sleeper.com/projections/nfl/player/6804?season_type=regular&season=2024,NA,25.6,999,17.3,70.2,65.3,70.2,82.5,27.4,80.4,999,82.5,NA,3,18,306,306,306,NA,NA,NA,NA,NA,NA,NA,NA,NA,NA,NA,46,22.2,3,222,NA,NA,64.76,1,559,362,404.5,12,30,4045,NA,proj,1731401447484,NA,2024,regular,nfl,6804,season,1731401447484,GB,rotowire,NA,
4033,https://api.sleeper.com/projections/nfl/player/4033?season_type=regular&season=2024,NA,87.4,999,91.5,90.7,89.1,90.7,87.6,97.3,84,999,87.6,NA,1,18,132.1,165.1,99.1,66,13.2,19.8,13.2,6.6,6.6,13.2,71.1,5,711,NA,NA,NA,NA,NA,NA,66,NA,NA,NA,NA,NA,NA,NA,NA,NA,proj,1731401444150,NA,2024,regular,nfl,4033,season,1731401444150,CLE,rotowire,NA,
8110,https://api.sleeper.com/projections/nfl/player/8110?season_type=regular&season=2024,NA,85,999,88,87.1,85.1,87.1,85.5,94.3,86.6,999,85.5,NA,1,18,133.1,167.1,99.1,68,13.6,20.4,13.6,6.8,6.8,13.6,71.1,5,711,NA,NA,NA,NA,NA,NA,68,NA,NA,NA,NA,NA,NA,NA,NA,NA,proj,1731401449238,NA,2024,regular,nfl,8110,season,1731401449238,DAL,rotowire,NA,
11635,https://api.sleeper.com/projections/nfl/player/11635?season_type=regular&season=2024,NA,97.5,999,71.3,66.1,70,66.1,88,92.7,88.3,999,88,NA,NA,18,160,197,123,74,14.8,22.2,14.8,7.4,7.4,14.8,85.8,6,858,NA,1,1.2,NA,12,74,NA,NA,NA,NA,NA,NA,NA,NA,NA,NA,proj,1731401441556,NA,2024,regular,nfl,11635,season,1731401441556,LAC,rotowire,NA,
1426,https://api.sleeper.com/projections/nfl/player/1426?season_type=regular&season=2024,NA,114.5,999,148,135.5,126.5,135.5,101.6,151.5,96.9,999,101.6,NA,1,18,124.2,152.2,96.2,56,11.2,16.8,11.2,5.6,5.6,11.2,67.5,5,675,NA,2,0.7,NA,7,56,NA,NA,NA,NA,NA,NA,NA,NA,NA,NA,proj,1731401442745,NA,2024,regular,nfl,1426,season,1731401442745,KC,rotowire,NA,
7588,https://api.sleeper.com/projections/nfl/player/7588?season_type=regular&season=2024,NA,109.5,999,93.7,74.3,75.8,74.3,90.4,105.6,90.2,999,90.4,37,1,18,163.6,182.1,145.1,37,7.4,11.1,7.4,3.7,3.7,7.4,26.7,1,267,NA,202,84.4,5,844,NA,NA,NA,NA,NA,NA,NA,NA,NA,NA,NA,proj,1731401448487,NA,2024,regular,nfl,7588,season,1731401448487,DEN,rotowire,NA,
4988,https://api.sleeper.com/projections/nfl/player/4988?season_type=regular&season=2024,NA,107.8,999,119.6,92.6,91,92.6,86.7,112,87,999,86.7,14,1,18,136.6,143.6,129.6,14,2.8,4.2,2.8,1.4,1.4,2.8,10.9,1,109,NA,180,78.7,6,787,NA,NA,NA,NA,NA,NA,NA,NA,NA,NA,NA,proj,1731401445219,NA,2024,regular,nfl,4988,season,1731401445219,CLE,rotowire,NA,
5937,https://api.sleeper.com/projections/nfl/player/5937?season_type=regular&season=2024,NA,103.9,999,119.3,111.1,111.2,111.1,94.7,135.8,95,999,94.7,NA,1,18,180.2,222.7,137.7,85,17,25.5,17,8.5,8.5,17,102.4,6,1024,NA,2,1.3,NA,13,85,NA,NA,NA,NA,NA,NA,NA,NA,NA,NA,proj,1731401446401,NA,2024,regular,nfl,5937,season,1731401446401,BAL,rotowire,NA,
11583,https://api.sleeper.com/projections/nfl/player/11583?season_type=regular&season=2024,NA,98.9,999,66.6,58.5,62.9,58.5,90,78.4,97.1,999,90,23,1,18,109.5,121,98,23,4.6,6.9,4.6,2.3,2.3,4.6,17.6,1,176,NA,122,52.4,4,524,NA,NA,NA,NA,NA,NA,NA,NA,NA,NA,NA,proj,1731401441478,NA,2024,regular,nfl,11583,season,1731401441478,CAR,rotowire,NA,
11631,https://api.sleeper.com/projections/nfl/player/11631?season_type=regular&season=2024,NA,119.5,999,74.8,71.5,77.3,71.5,104.5,108.2,104.6,999,104.5,NA,1,18,183.2,221.2,145.2,76,15.2,22.8,15.2,7.6,7.6,15.2,103.3,7,1033,NA,2,1.9,NA,19,76,NA,NA,NA,NA,NA,NA,NA,NA,NA,NA,proj,1731401441550,NA,2024,regular,nfl,11631,season,1731401441550,JAX,rotowire,NA,
11560,https://api.sleeper.com/projections/nfl/player/11560?season_type=regular&season=2024,NA,38.6,999,11.7,50.6,51.3,50.6,99.4,28.7,101.4,999,99.4,NA,3,18,278.28,278.28,278.28,NA,NA,NA,NA,NA,NA,NA,NA,NA,NA,NA,68,29.2,3,292,NA,NA,63.67,1,545,347,385.2,15,24,3852,NA,proj,1731401441449,NA,2024,regular,nfl,11560,season,1731401441449,CHI,rotowire,NA,
4663,https://api.sleeper.com/projections/nfl/player/4663?season_type=regular&season=2024,NA,113.6,999,134.3,110.4,108.8,110.4,95.5,127.8,93.8,999,95.5,38,1,18,118.8,137.8,99.8,38,7.6,11.4,7.6,3.8,3.8,7.6,28.7,2,287,NA,101,43.1,3,431,NA,NA,NA,NA,NA,NA,NA,NA,NA,NA,NA,proj,1731401444862,NA,2024,regular,nfl,4663,season,1731401444862,WAS,rotowire,NA,
9488,https://api.sleeper.com/projections/nfl/player/9488?season_type=regular&season=2024,NA,115.2,999,75.4,63.7,69.7,63.7,102.2,100.7,100.8,999,102.2,NA,1,18,159.5,198.5,120.5,78,15.6,23.4,15.6,7.8,7.8,15.6,85.3,6,853,NA,2,1.2,NA,12,78,NA,NA,NA,NA,NA,NA,NA,NA,NA,NA,proj,1731401450381,NA,2024,regular,nfl,9488,season,1731401450381,SEA,rotowire,NA,
6845,https://api.sleeper.com/projections/nfl/player/6845?season_type=regular&season=2024,NA,111.3,999,125.3,108.4,109.6,108.4,89,130.3,92.8,999,89,32,1,18,154.9,170.9,138.9,32,6.4,9.6,6.4,3.2,3.2,6.4,23.2,1,232,NA,183,75.7,6,757,NA,NA,NA,NA,NA,NA,NA,NA,NA,NA,NA,proj,1731401447537,NA,2024,regular,nfl,6845,season,1731401447537,CIN,rotowire,NA,
8228,https://api.sleeper.com/projections/nfl/player/8228?season_type=regular&season=2024,NA,105.5,999,113.6,93.6,94.9,93.6,93.4,121.1,97.7,999,93.4,36,1,18,136.4,154.4,118.4,36,7.2,10.8,7.2,3.6,3.6,7.2,26,2,260,NA,133,58.4,4,584,NA,NA,NA,NA,NA,NA,NA,NA,NA,NA,NA,proj,1731401449399,NA,2024,regular,nfl,8228,season,1731401449399,PIT,rotowire,NA,
11637,https://api.sleeper.com/projections/nfl/player/11637?season_type=regular&season=2024,NA,111.5,999,80,67.8,71,67.8,97.6,95.7,94.1,999,97.6,NA,1,18,101.3,122.8,79.8,43,8.6,12.9,8.6,4.3,4.3,8.6,57.4,4,574,NA,1,0.4,NA,4,43,NA,NA,NA,NA,NA,NA,NA,NA,NA,NA,proj,1731401441558,NA,2024,regular,nfl,11637,season,1731401441558,BUF,rotowire,NA,
8167,https://api.sleeper.com/projections/nfl/player/8167?season_type=regular&season=2024,NA,117.8,999,111.8,98,101.6,98,100.5,127,103.8,999,100.5,NA,1,18,143.4,171.9,114.9,57,11.4,17.1,11.4,5.7,5.7,11.4,78.2,6,782,NA,5,2.7,NA,27,57,NA,NA,NA,NA,NA,NA,NA,NA,NA,NA,proj,1731401449312,NA,2024,regular,nfl,8167,season,1731401449312,GB,rotowire,NA,
8183,https://api.sleeper.com/projections/nfl/player/8183?season_type=regular&season=2024,NA,29.8,999,31,103.1,97.1,103.1,97.5,49,90.2,999,97.5,NA,3,18,307.16,307.16,307.16,NA,NA,NA,NA,NA,NA,NA,NA,NA,NA,NA,40,16.8,2,168,NA,NA,67.38,1,512,345,423.4,11,31,4234,NA,proj,1731401449334,NA,2024,regular,nfl,8183,season,1731401449334,SF,rotowire,NA,
5022,https://api.sleeper.com/projections/nfl/player/5022?season_type=regular&season=2024,NA,110.7,999,124.4,119.4,117.8,119.4,107.4,132.1,102.2,999,107.4,NA,1,18,129.2,163.2,95.2,68,13.6,20.4,13.6,6.8,6.8,13.6,73.2,4,732,NA,NA,NA,NA,NA,NA,68,NA,NA,NA,NA,NA,NA,NA,NA,NA,proj,1731401445262,NA,2024,regular,nfl,5022,season,1731401445262,PHI,rotowire,NA,
6130,https://api.sleeper.com/projections/nfl/player/6130?season_type=regular&season=2024,NA,116.6,999,132.2,111.1,111.4,111.1,96.5,141.9,99.5,999,96.5,31,1,18,156.5,172,141,31,6.2,9.3,6.2,3.1,3.1,6.2,21.7,1,217,NA,206,85.3,5,853,NA,NA,NA,NA,NA,NA,NA,NA,NA,NA,NA,proj,1731401446657,NA,2024,regular,nfl,6130,season,1731401446657,NYG,rotowire,NA,
5844,https://api.sleeper.com/projections/nfl/player/5844?season_type=regular&season=2024,NA,106.2,999,70.1,77.1,71.6,77.1,118.7,85.5,110.2,999,118.7,NA,1,18,112,141.5,82.5,59,11.8,17.7,11.8,5.9,5.9,11.8,60.5,4,605,NA,NA,NA,NA,NA,NA,59,NA,NA,NA,NA,NA,NA,NA,NA,NA,proj,1731401446273,NA,2024,regular,nfl,5844,season,1731401446273,MIN,rotowire,NA,
11589,https://api.sleeper.com/projections/nfl/player/11589?season_type=regular&season=2024,NA,130.2,999,83.2,73.2,78.8,73.2,109.7,109.1,111.7,999,109.7,21,1,18,108.2,118.7,97.7,21,4.2,6.3,4.2,2.1,2.1,4.2,15.2,1,152,NA,130,54.5,4,545,NA,NA,NA,NA,NA,NA,NA,NA,NA,NA,NA,proj,1731401441489,NA,2024,regular,nfl,11589,season,1731401441489,ARI,rotowire,NA,
6768,https://api.sleeper.com/projections/nfl/player/6768?season_type=regular&season=2024,NA,37.2,999,42.1,117.2,114.7,117.2,106.1,62.3,104.3,999,106.1,NA,3,18,279.66,279.66,279.66,NA,NA,NA,NA,NA,NA,NA,NA,NA,NA,NA,33,9.5,1,95,NA,NA,67.56,1,524,354,410.4,12,29,4104,NA,proj,1731401447430,NA,2024,regular,nfl,6768,season,1731401447430,MIA,rotowire,NA,
5001,https://api.sleeper.com/projections/nfl/player/5001?season_type=regular&season=2024,NA,118.6,999,126.9,121.1,119.5,121.1,118,140.1,106.7,999,118,NA,1,18,119.5,149,90,59,11.8,17.7,11.8,5.9,5.9,11.8,62,5,620,NA,NA,NA,NA,NA,NA,59,NA,NA,NA,NA,NA,NA,NA,NA,NA,proj,1731401445235,NA,2024,regular,nfl,5001,season,1731401445235,HOU,rotowire,NA,
8148,https://api.sleeper.com/projections/nfl/player/8148?season_type=regular&season=2024,NA,125.4,999,123.3,109.2,110.1,109.2,111.1,142.6,111.2,999,111.1,NA,1,18,178.7,210.7,146.7,64,12.8,19.2,12.8,6.4,6.4,12.8,102.3,7,1023,NA,8,4.4,NA,44,64,NA,NA,NA,NA,NA,NA,NA,NA,NA,NA,proj,1731401449287,NA,2024,regular,nfl,8148,season,1731401449287,DET,rotowire,NA,
9508,https://api.sleeper.com/projections/nfl/player/9508?season_type=regular&season=2024,NA,119.4,999,103.6,91.3,93.3,91.3,108.4,125.4,107.8,999,108.4,32,1,18,119.8,135.8,103.8,32,6.4,9.6,6.4,3.2,3.2,6.4,23.7,2,237,NA,121,52.1,3,521,NA,NA,NA,NA,NA,NA,NA,NA,NA,NA,NA,proj,1731401450409,NA,2024,regular,nfl,9508,season,1731401450409,TEN,rotowire,NA,
3163,https://api.sleeper.com/projections/nfl/player/3163?season_type=regular&season=2024,NA,39.4,999,47.1,127.5,122.1,127.5,113.8,71.2,109.9,999,113.8,NA,3,18,280.98,280.98,280.98,NA,NA,NA,NA,NA,NA,NA,NA,NA,NA,NA,26,5.7,1,57,NA,NA,65.56,1,572,375,420.7,11,29,4207,NA,proj,1731401443559,NA,2024,regular,nfl,3163,season,1731401443559,DET,rotowire,NA,
8154,https://api.sleeper.com/projections/nfl/player/8154?season_type=regular&season=2024,NA,126.1,999,127.2,105.6,106,105.6,103.9,146.8,108.8,999,103.9,29,1,18,174.9,189.4,160.4,29,5.8,8.7,5.8,2.9,2.9,5.8,21.2,1,212,NA,232,93.2,7,932,NA,NA,NA,NA,NA,NA,NA,NA,NA,NA,NA,proj,1731401449298,NA,2024,regular,nfl,8154,season,1731401449298,WAS,rotowire,NA,
5248,https://api.sleeper.com/projections/nfl/player/5248?season_type=regular&season=2024,NA,123.3,999,149.9,122.2,128,122.2,104.3,157.3,113.5,999,104.3,16,1,18,147,155,139,16,3.2,4.8,3.2,1.6,1.6,3.2,12,1,120,NA,189,81,7,810,NA,NA,NA,NA,NA,NA,NA,NA,NA,NA,NA,proj,1731401445550,NA,2024,regular,nfl,5248,season,1731401445550,LAC,rotowire,NA,
11566,https://api.sleeper.com/projections/nfl/player/11566?season_type=regular&season=2024,NA,51.1,999,28.9,86.4,87.4,86.4,112,58.2,115.1,999,112,NA,3,18,342,342,342,NA,NA,NA,NA,NA,NA,NA,NA,NA,NA,NA,146,84.4,8,844,NA,NA,68.76,1,509,350,366.5,13,20,3665,NA,proj,1731401441457,NA,2024,regular,nfl,11566,season,1731401441457,WAS,rotowire,NA,
5045,https://api.sleeper.com/projections/nfl/player/5045?season_type=regular&season=2024,NA,132.6,999,150.2,132.2,134.5,132.2,114.2,167.9,116.8,999,114.2,NA,1,18,157.3,191.3,123.3,68,13.6,20.4,13.6,6.8,6.8,13.6,88.8,6,888,NA,1,0.5,NA,5,68,NA,NA,NA,NA,NA,NA,NA,NA,NA,NA,proj,1731401445299,NA,2024,regular,nfl,5045,season,1731401445299,DEN,rotowire,NA,
11625,https://api.sleeper.com/projections/nfl/player/11625?season_type=regular&season=2024,NA,151.9,999,115.4,95.9,103.7,95.9,125.4,143.4,145.7,999,125.4,NA,NA,18,90.8,110.8,70.8,40,8,12,8,4,4,8,52.2,3,522,NA,1,0.6,NA,6,40,NA,NA,NA,NA,NA,NA,NA,NA,NA,NA,proj,1731401441541,NA,2024,regular,nfl,11625,season,1731401441541,IND,rotowire,NA,
8121,https://api.sleeper.com/projections/nfl/player/8121?season_type=regular&season=2024,NA,135.1,999,143.3,129.8,127,129.8,121.5,155.9,118.6,999,121.5,NA,1,18,140.4,172.4,108.4,64,12.8,19.2,12.8,6.4,6.4,12.8,79.9,5,799,NA,1,0.5,NA,5,64,NA,NA,NA,NA,NA,NA,NA,NA,NA,NA,proj,1731401449253,NA,2024,regular,nfl,8121,season,1731401449253,GB,rotowire,NA,
4082,https://api.sleeper.com/projections/nfl/player/4082?season_type=regular&season=2024,NA,140.5,999,175.1,167.8,165.8,167.8,120,180,117.4,999,120,NA,1,18,79.6,95.6,63.6,32,6.4,9.6,6.4,3.2,3.2,6.4,36.5,3,365,NA,9,5.1,1,51,32,NA,NA,NA,NA,NA,NA,NA,NA,NA,NA,proj,1731401444208,NA,2024,regular,nfl,4082,season,1731401444208,BUF,rotowire,NA,
11586,https://api.sleeper.com/projections/nfl/player/11586?season_type=regular&season=2024,NA,138.5,999,114.4,94.2,102.2,94.2,115.3,133.2,120.1,999,115.3,17,1,18,84.3,92.8,75.8,17,3.4,5.1,3.4,1.7,1.7,3.4,12.4,1,124,NA,94,41.4,3,414,NA,NA,NA,NA,NA,NA,NA,NA,NA,NA,NA,proj,1731401441481,NA,2024,regular,nfl,11586,season,1731401441481,LAR,rotowire,NA,
3164,https://api.sleeper.com/projections/nfl/player/3164?season_type=regular&season=2024,NA,127.9,999,161.5,140.5,141.8,140.5,110.8,162.2,114.3,999,110.8,20,1,18,102.8,112.8,92.8,20,4,6,4,2,2,4,14.7,1,147,NA,128,50.1,4,501,NA,NA,NA,NA,NA,NA,NA,NA,NA,NA,NA,proj,1731401443560,NA,2024,regular,nfl,3164,season,1731401443560,DAL,rotowire,NA,
6797,https://api.sleeper.com/projections/nfl/player/6797?season_type=regular&season=2024,NA,36.8,999,19.4,82,86.5,82,123,42.1,124,999,123,NA,4,18,272.66,272.66,272.66,NA,NA,NA,NA,NA,NA,NA,NA,NA,NA,NA,50,19.7,3,197,NA,NA,65.73,1,534,351,379.9,11,25,3799,NA,proj,1731401447474,NA,2024,regular,nfl,6797,season,1731401447474,LAC,rotowire,NA,
2374,https://api.sleeper.com/projections/nfl/player/2374?season_type=regular&season=2024,NA,134.5,999,167.7,151.3,146.3,151.3,122.5,175.8,123.9,999,122.5,NA,1,18,137.3,169.3,105.3,64,12.8,19.2,12.8,6.4,6.4,12.8,76.8,5,768,NA,1,0.5,NA,5,64,NA,NA,NA,NA,NA,NA,NA,NA,NA,NA,proj,1731401443270,NA,2024,regular,nfl,2374,season,1731401443270,SEA,rotowire,NA,
9224,https://api.sleeper.com/projections/nfl/player/9224?season_type=regular&season=2024,NA,135,999,137.5,118.5,119.6,118.5,117,159.5,118.4,999,117,33,1,18,127.7,144.2,111.2,33,6.6,9.9,6.6,3.3,3.3,6.6,25.4,1,254,NA,139,57.8,4,578,NA,NA,NA,NA,NA,NA,NA,NA,NA,NA,NA,proj,1731401450353,NA,2024,regular,nfl,9224,season,1731401450353,CIN,rotowire,NA,
6826,https://api.sleeper.com/projections/nfl/player/6826?season_type=regular&season=2024,NA,127.7,999,118.6,115,115.7,115,129.7,135.9,121.5,999,129.7,NA,1,18,120.9,151.4,90.4,61,12.2,18.3,12.2,6.1,6.1,12.2,62.4,5,624,NA,NA,NA,NA,NA,NA,61,NA,NA,NA,NA,NA,NA,NA,NA,NA,proj,1731401447513,NA,2024,regular,nfl,6826,season,1731401447513,CHI,rotowire,NA,
8134,https://api.sleeper.com/projections/nfl/player/8134?season_type=regular&season=2024,NA,142.8,999,153.9,141.9,140.6,141.9,125.9,172.7,142.7,999,125.9,NA,NA,18,139.6,172.1,107.1,65,13,19.5,13,6.5,6.5,13,76.3,5,763,NA,1,0.8,NA,8,65,NA,NA,NA,NA,NA,NA,NA,NA,NA,NA,proj,1731401449269,NA,2024,regular,nfl,8134,season,1731401449269,BUF,rotowire,NA,
7600,https://api.sleeper.com/projections/nfl/player/7600?season_type=regular&season=2024,NA,124.7,999,130.8,135.1,125.7,135.1,124.9,151.5,125.8,999,124.9,NA,1,18,113.1,142.6,83.6,59,11.8,17.7,11.8,5.9,5.9,11.8,61.6,4,616,NA,NA,NA,NA,NA,NA,59,NA,NA,NA,NA,NA,NA,NA,NA,NA,proj,1731401448499,NA,2024,regular,nfl,7600,season,1731401448499,PIT,rotowire,NA,
8143,https://api.sleeper.com/projections/nfl/player/8143?season_type=regular&season=2024,NA,139.4,999,151,130.7,133.8,130.7,116,166.9,122.7,999,116,41,1,18,134.1,154.6,113.6,41,8.2,12.3,8.2,4.1,4.1,8.2,29.2,1,292,NA,134,56.4,4,564,NA,NA,NA,NA,NA,NA,NA,NA,NA,NA,NA,proj,1731401449280,NA,2024,regular,nfl,8143,season,1731401449280,CLE,rotowire,NA,
5947,https://api.sleeper.com/projections/nfl/player/5947?season_type=regular&season=2024,NA,143.1,999,159.6,143,145.1,143,144.5,175.7,146.3,999,144.5,NA,1,18,161,199,123,76,15.2,22.8,15.2,7.6,7.6,15.2,85.8,6,858,NA,6,2.6,NA,26,76,NA,50,NA,2,1,1.5,NA,NA,15,NA,proj,1731401446416,NA,2024,regular,nfl,5947,season,1731401446416,LV,rotowire,NA,
7523,https://api.sleeper.com/projections/nfl/player/7523?season_type=regular&season=2024,NA,50.1,999,29.7,113.7,113.8,113.7,127,68.5,125.7,999,127,NA,4,18,279.36,279.36,279.36,NA,NA,NA,NA,NA,NA,NA,NA,NA,NA,NA,68,31,3,310,NA,NA,65.76,1,549,361,383.4,13,24,3834,NA,proj,1731401448405,NA,2024,regular,nfl,7523,season,1731401448405,JAX,rotowire,NA,
9753,https://api.sleeper.com/projections/nfl/player/9753?season_type=regular&season=2024,NA,143.3,999,133.7,114.1,118.3,114.1,128.8,159.9,150.6,999,128.8,26,1,18,98.2,111.2,85.2,26,5.2,7.8,5.2,2.6,2.6,5.2,18.7,1,187,NA,106,44.5,3,445,NA,NA,NA,NA,NA,NA,NA,NA,NA,NA,NA,proj,1731401450433,NA,2024,regular,nfl,9753,season,1731401450433,SEA,rotowire,NA,
4068,https://api.sleeper.com/projections/nfl/player/4068?season_type=regular&season=2024,NA,145.7,999,179.9,161.3,162.1,161.3,147,227.9,156.8,999,147,NA,1,18,64.2,77.2,51.2,26,5.2,7.8,5.2,2.6,2.6,5.2,35,3,350,NA,1,0.2,NA,2,26,NA,NA,NA,NA,NA,NA,NA,NA,NA,NA,proj,1731401444188,NA,2024,regular,nfl,4068,season,1731401444188,PIT,rotowire,NA,
11626,https://api.sleeper.com/projections/nfl/player/11626?season_type=regular&season=2024,NA,148.9,999,109.8,99.4,99.4,99.4,149.2,147.1,152.2,999,149.2,NA,NA,18,115.2,140.2,90.2,50,10,15,10,5,5,10,64.2,4,642,NA,3,2,NA,20,50,NA,NA,NA,NA,NA,NA,NA,NA,NA,NA,proj,1731401441543,NA,2024,regular,nfl,11626,season,1731401441543,CAR,rotowire,NA,
9481,https://api.sleeper.com/projections/nfl/player/9481?season_type=regular&season=2024,NA,141.2,999,147.3,145.9,143.2,145.9,153.9,165.2,153.5,999,153.9,NA,NA,18,54.7,67.7,41.7,26,5.2,7.8,5.2,2.6,2.6,5.2,29.7,2,297,NA,NA,NA,NA,NA,NA,26,NA,NA,NA,NA,NA,NA,NA,NA,NA,proj,1731401450372,NA,2024,regular,nfl,9481,season,1731401450372,GB,rotowire,NA,
6783,https://api.sleeper.com/projections/nfl/player/6783?season_type=regular&season=2024,NA,147.7,999,141.7,127.3,129.3,127.3,148.7,164,149.2,999,148.7,NA,1,18,136,166,106,60,12,18,12,6,6,12,76.7,5,767,NA,2,1.3,NA,13,60,NA,NA,NA,NA,NA,NA,NA,NA,NA,NA,proj,1731401447452,NA,2024,regular,nfl,6783,season,1731401447452,CLE,rotowire,NA,
1166,https://api.sleeper.com/projections/nfl/player/1166?season_type=regular&season=2024,NA,67.7,999,89.7,172.4,159.9,172.4,152.8,111.1,157.4,999,152.8,NA,3,18,261.1,261.1,261.1,NA,NA,NA,NA,NA,NA,NA,NA,NA,NA,NA,30,7.5,1,75,NA,NA,67.45,1,553,373,399,12,26,3990,NA,proj,1731401441587,NA,2024,regular,nfl,1166,season,1731401441587,ATL,rotowire,NA,
11643,https://api.sleeper.com/projections/nfl/player/11643?season_type=regular&season=2024,NA,162.5,999,140.9,124.1,132.4,124.1,155.2,173.5,163.4,999,155.2,13,1,18,60.6,67.1,54.1,13,2.6,3.9,2.6,1.3,1.3,2.6,8.7,1,87,NA,66,29.4,2,294,NA,NA,NA,NA,NA,NA,NA,NA,NA,NA,NA,proj,1731401441564,NA,2024,regular,nfl,11643,season,1731401441564,MIA,rotowire,NA,
9500,https://api.sleeper.com/projections/nfl/player/9500?season_type=regular&season=2024,NA,164.3,999,139.3,123.4,124.3,123.4,172.9,203.9,173.9,999,172.9,NA,1,18,141.8,176.3,107.3,69,13.8,20.7,13.8,6.9,6.9,13.8,76.9,5,769,NA,3,2.4,NA,24,69,NA,NA,NA,NA,NA,NA,NA,NA,NA,NA,proj,1731401450398,NA,2024,regular,nfl,9500,season,1731401450398,IND,rotowire,NA,
7594,https://api.sleeper.com/projections/nfl/player/7594?season_type=regular&season=2024,NA,151.3,999,169.7,147,147,147,130.6,179.9,153.4,999,130.6,38,1,18,172.1,191.1,153.1,38,7.6,11.4,7.6,3.8,3.8,7.6,26.5,1,265,NA,198,86.6,6,866,NA,NA,NA,NA,NA,NA,NA,NA,NA,NA,NA,proj,1731401448492,NA,2024,regular,nfl,7594,season,1731401448492,CAR,rotowire,NA,
8676,https://api.sleeper.com/projections/nfl/player/8676?season_type=regular&season=2024,NA,146.6,999,167.3,155.1,155,155.1,151.7,219.9,165.2,999,151.7,NA,1,18,170.3,200.3,140.3,60,12,18,12,6,6,12,91.5,6,915,NA,16,8.8,1,88,60,NA,NA,NA,NA,NA,NA,NA,NA,NA,1,proj,1731401449980,NA,2024,regular,nfl,8676,season,1731401449980,NO,rotowire,NA,
11627,https://api.sleeper.com/projections/nfl/player/11627?season_type=regular&season=2024,NA,172.9,999,135.1,119.7,121.6,119.7,181.6,170.8,190.6,999,181.6,NA,NA,18,85.6,105.1,66.1,39,7.8,11.7,7.8,3.9,3.9,7.8,47.6,3,476,NA,2,0.5,NA,5,39,NA,NA,NA,NA,NA,NA,NA,NA,NA,NA,proj,1731401441544,NA,2024,regular,nfl,11627,season,1731401441544,DEN,rotowire,NA,
421,https://api.sleeper.com/projections/nfl/player/421?season_type=regular&season=2024,NA,65.3,999,105.6,208,200,208,166.3,124.1,162.8,999,166.3,NA,3,18,253.04,253.04,253.04,NA,NA,NA,NA,NA,NA,NA,NA,NA,NA,NA,16,6.8,1,68,NA,NA,65.88,1,551,363,385.6,14,26,3856,NA,proj,1731401444371,NA,2024,regular,nfl,421,season,1731401444371,LAR,rotowire,NA,
6806,https://api.sleeper.com/projections/nfl/player/6806?season_type=regular&season=2024,NA,158.7,999,166,149.9,151.6,149.9,131.8,178.8,155.3,999,131.8,33,1,18,152.5,169,136,33,6.6,9.9,6.6,3.3,3.3,6.6,25.2,2,252,NA,167,70.8,5,708,NA,NA,NA,NA,NA,NA,NA,NA,NA,NA,NA,proj,1731401447486,NA,2024,regular,nfl,6806,season,1731401447486,LAC,rotowire,NA,
9757,https://api.sleeper.com/projections/nfl/player/9757?season_type=regular&season=2024,NA,156.7,999,138.2,125.7,130.8,125.7,173.1,177.1,186.4,999,173.1,11,NA,18,55.7,61.2,50.2,11,2.2,3.3,2.2,1.1,1.1,2.2,7.8,1,78,NA,59,24.4,2,244,NA,NA,NA,NA,NA,NA,NA,NA,NA,NA,NA,proj,1731401450438,NA,2024,regular,nfl,9757,season,1731401450438,NO,rotowire,NA,
96,https://api.sleeper.com/projections/nfl/player/96?season_type=regular&season=2024,NA,75.9,999,122.3,191.2,194.1,191.2,150.4,137.5,148.6,999,150.4,NA,3,18,270.48,270.48,270.48,NA,NA,NA,NA,NA,NA,NA,NA,NA,NA,NA,32,9.6,1,96,NA,NA,64.59,1,545,352,389.7,9,28,3897,NA,proj,1731401450422,NA,2024,regular,nfl,96,season,1731401450422,NYJ,rotowire,NA,
6943,https://api.sleeper.com/projections/nfl/player/6943?season_type=regular&season=2024,NA,159.3,999,165.8,151.8,153,151.8,157.8,231.1,164.2,999,157.8,NA,1,18,128.2,155.7,100.7,55,11,16.5,11,5.5,5.5,11,72.2,5,722,NA,1,0.5,NA,5,55,NA,NA,NA,NA,NA,NA,NA,NA,NA,NA,proj,1731401447667,NA,2024,regular,nfl,6943,season,1731401447667,JAX,rotowire,NA,
7021,https://api.sleeper.com/projections/nfl/player/7021?season_type=regular&season=2024,NA,163.1,999,199.7,185.9,183.5,185.9,146.6,255.2,160.2,999,146.6,27,1,18,118.5,132,105,27,5.4,8.1,5.4,2.7,2.7,5.4,19.4,1,194,NA,141,57.6,4,576,NA,NA,NA,NA,NA,NA,NA,NA,NA,NA,NA,proj,1731401447766,NA,2024,regular,nfl,7021,season,1731401447766,DAL,rotowire,NA,
7670,https://api.sleeper.com/projections/nfl/player/7670?season_type=regular&season=2024,NA,153.9,999,170.6,159.4,159.6,159.4,145.4,231.7,151.8,999,145.4,NA,1,18,109.3,134.3,84.3,50,10,15,10,5,5,10,61.7,4,617,NA,1,0.6,NA,6,50,NA,NA,NA,NA,NA,NA,NA,NA,NA,NA,proj,1731401448599,NA,2024,regular,nfl,7670,season,1731401448599,LAC,rotowire,NA,
8230,https://api.sleeper.com/projections/nfl/player/8230?season_type=regular&season=2024,NA,170.5,999,194.1,177.6,178.6,177.6,153,244.3,167.6,999,153,23,1,18,100.1,111.6,88.6,23,4.6,6.9,4.6,2.3,2.3,4.6,17.4,1,174,NA,120,49.2,3,492,NA,NA,NA,NA,NA,NA,NA,NA,NA,NA,NA,proj,1731401449403,NA,2024,regular,nfl,8230,season,1731401449403,MIN,rotowire,NA,
11596,https://api.sleeper.com/projections/nfl/player/11596?season_type=regular&season=2024,NA,159.7,999,131.6,138.9,138.5,138.9,177.8,171.5,170.8,999,177.8,NA,NA,18,66.5,82,51,31,6.2,9.3,6.2,3.1,3.1,6.2,33,3,330,NA,NA,NA,NA,NA,NA,31,NA,NA,NA,NA,NA,NA,NA,NA,NA,proj,1731401441500,NA,2024,regular,nfl,11596,season,1731401441500,WAS,rotowire,NA,
8111,https://api.sleeper.com/projections/nfl/player/8111?season_type=regular&season=2024,NA,154.5,999,173.1,175.3,169,175.3,190.3,222.7,174,999,190.3,NA,NA,18,99.3,124.3,74.3,50,10,15,10,5,5,10,50.3,4,503,NA,NA,NA,NA,NA,NA,50,NA,NA,NA,NA,NA,NA,NA,NA,NA,proj,1731401449240,NA,2024,regular,nfl,8111,season,1731401449240,TB,rotowire,NA,
11581,https://api.sleeper.com/projections/nfl/player/11581?season_type=regular&season=2024,NA,171.2,999,143.6,126.5,135.3,126.5,171.9,201.7,191.9,999,171.9,16,1,18,80.9,88.9,72.9,16,3.2,4.8,3.2,1.6,1.6,3.2,12,1,120,NA,90,38.9,3,389,NA,NA,NA,NA,NA,NA,NA,NA,NA,NA,NA,proj,1731401441476,NA,2024,regular,nfl,11581,season,1731401441476,GB,rotowire,NA,
8119,https://api.sleeper.com/projections/nfl/player/8119?season_type=regular&season=2024,NA,157.2,999,145.3,131,135.8,131,170.3,207.8,187.2,999,170.3,NA,1,18,83.3,101.8,64.8,37,7.4,11.1,7.4,3.7,3.7,7.4,48,3,480,NA,1,0.8,NA,8,37,NA,NA,NA,NA,NA,NA,NA,NA,NA,NA,proj,1731401449249,NA,2024,regular,nfl,8119,season,1731401449249,PHI,rotowire,NA,
2197,https://api.sleeper.com/projections/nfl/player/2197?season_type=regular&season=2024,NA,161.5,999,203.3,188.5,185.9,188.5,158.7,263.4,171.8,999,158.7,NA,1,18,123.9,150.9,96.9,54,10.8,16.2,10.8,5.4,5.4,10.8,67.2,5,672,NA,3,1.7,NA,17,54,NA,NA,NA,NA,NA,NA,NA,NA,NA,NA,proj,1731401443143,NA,2024,regular,nfl,2197,season,1731401443143,DAL,rotowire,NA,
6945,https://api.sleeper.com/projections/nfl/player/6945?season_type=regular&season=2024,NA,166.3,999,187,165.2,166.4,165.2,174.3,254.4,185.5,999,174.3,35,1,18,102.1,119.6,84.6,35,7,10.5,7,3.5,3.5,7,26,1,260,NA,89,36.6,3,366,NA,NA,NA,NA,NA,NA,NA,NA,NA,NA,NA,proj,1731401447669,NA,2024,regular,nfl,6945,season,1731401447669,NE,rotowire,NA,
11638,https://api.sleeper.com/projections/nfl/player/11638?season_type=regular&season=2024,NA,169.4,999,108.1,103.1,107.1,103.1,176.4,156.8,184.7,999,176.4,NA,NA,18,62.6,75.6,49.6,26,5.2,7.8,5.2,2.6,2.6,5.2,30.7,3,307,NA,2,0.9,NA,9,26,NA,NA,NA,NA,NA,NA,NA,NA,NA,NA,proj,1731401441560,NA,2024,regular,nfl,11638,season,1731401441560,SF,rotowire,NA,
9754,https://api.sleeper.com/projections/nfl/player/9754?season_type=regular&season=2024,NA,167.3,999,155,142.3,143.1,142.3,193.8,213.8,195.2,999,193.8,NA,NA,18,125.2,152.2,98.2,54,10.8,16.2,10.8,5.4,5.4,10.8,67.5,5,675,NA,1,0.7,NA,7,54,NA,NA,NA,NA,NA,NA,NA,NA,NA,NA,proj,1731401450435,NA,2024,regular,nfl,9754,season,1731401450435,LAC,rotowire,NA,
11619,https://api.sleeper.com/projections/nfl/player/11619?season_type=regular&season=2024,NA,167.3,999,129.1,134.6,131.2,134.6,167.7,174.8,166.3,999,167.7,NA,NA,18,96.7,120.7,72.7,48,9.6,14.4,9.6,4.8,4.8,9.6,53.5,3,535,NA,1,1.2,NA,12,48,NA,NA,NA,NA,NA,NA,NA,NA,NA,NA,proj,1731401441533,NA,2024,regular,nfl,11619,season,1731401441533,NE,rotowire,NA,
9486,https://api.sleeper.com/projections/nfl/player/9486?season_type=regular&season=2024,NA,165.8,999,163.7,156.2,156.6,156.2,169.7,245.1,179.5,999,169.7,NA,NA,18,114.5,137.5,91.5,46,9.2,13.8,9.2,4.6,4.6,9.2,60.1,5,601,NA,3,1.4,NA,14,46,NA,NA,NA,NA,NA,NA,NA,NA,NA,NA,proj,1731401450378,NA,2024,regular,nfl,9486,season,1731401450378,GB,rotowire,NA,
11439,https://api.sleeper.com/projections/nfl/player/11439?season_type=regular&season=2024,NA,174.9,999,204.9,191.6,197.1,191.6,175,261.7,188.5,999,175,32,1,18,114.9,130.9,98.9,32,6.4,9.6,6.4,3.2,3.2,6.4,23.7,1,237,NA,121,53.2,3,532,NA,NA,NA,NA,NA,NA,NA,NA,NA,NA,NA,proj,1731401441287,NA,2024,regular,nfl,11439,season,1731401441287,DEN,rotowire,NA,
8132,https://api.sleeper.com/projections/nfl/player/8132?season_type=regular&season=2024,NA,173.4,999,175.5,148.2,150,148.2,156.9,242.3,169.5,999,156.9,21,1,18,116,126.5,105.5,21,4.2,6.3,4.2,2.1,2.1,4.2,14.6,1,146,NA,149,62.9,4,629,NA,NA,NA,NA,NA,NA,NA,NA,NA,NA,NA,proj,1731401449267,NA,2024,regular,nfl,8132,season,1731401449267,ATL,rotowire,NA,
4381,https://api.sleeper.com/projections/nfl/player/4381?season_type=regular&season=2024,NA,155.1,999,215.3,201.1,203.1,201.1,167.9,255.4,183.2,999,167.9,NA,NA,18,107.08,118.08,96.08,22,4.4,6.6,4.4,2.2,2.2,4.4,22.6,2,226,NA,80,34.4,4,344,NA,22,63.64,NA,11,7,7.7,NA,NA,77,NA,proj,1731401444545,NA,2024,regular,nfl,4381,season,1731401444545,NO,rotowire,NA,
11630,https://api.sleeper.com/projections/nfl/player/11630?season_type=regular&season=2024,NA,183.5,999,146.4,137.6,137.8,137.6,200,209.8,201.4,999,200,NA,NA,18,119.1,144.1,94.1,50,10,15,10,5,5,10,67.2,4,672,NA,4,2.9,NA,29,50,NA,NA,NA,NA,NA,NA,NA,NA,NA,NA,proj,1731401441549,NA,2024,regular,nfl,11630,season,1731401441549,PIT,rotowire,NA,
8131,https://api.sleeper.com/projections/nfl/player/8131?season_type=regular&season=2024,NA,182.3,999,156.4,143.7,142.5,143.7,192.9,226.5,181,999,192.9,NA,NA,18,98,121,75,46,9.2,13.8,9.2,4.6,4.6,9.2,51,4,510,NA,NA,NA,NA,NA,NA,46,NA,NA,NA,NA,NA,NA,NA,NA,NA,proj,1731401449266,NA,2024,regular,nfl,8131,season,1731401449266,BAL,rotowire,NA,
1689,https://api.sleeper.com/projections/nfl/player/1689?season_type=regular&season=2024,NA,175.6,999,215.7,199.3,190.2,199.3,179.3,258.2,172.7,999,179.3,NA,1,18,124.7,158.7,90.7,68,13.6,20.4,13.6,6.8,6.8,13.6,68,4,680,NA,1,0.7,NA,7,68,NA,NA,NA,NA,NA,NA,NA,NA,NA,NA,proj,1731401442889,NA,2024,regular,nfl,1689,season,1731401442889,CAR,rotowire,NA,
4892,https://api.sleeper.com/projections/nfl/player/4892?season_type=regular&season=2024,NA,79,999,90.8,206.2,191.8,206.2,178.6,118.3,167.1,999,178.6,NA,3,18,287.08,287.08,287.08,NA,NA,NA,NA,NA,NA,NA,NA,NA,NA,NA,61,21,2,210,NA,NA,66.84,1,561,375,407.7,13,27,4077,NA,proj,1731401445098,NA,2024,regular,nfl,4892,season,1731401445098,TB,rotowire,NA,
4017,https://api.sleeper.com/projections/nfl/player/4017?season_type=regular&season=2024,NA,86.9,999,95.6,207.3,196.5,207.3,188.9,181.3,181.1,999,188.9,NA,3,18,250.58,250.58,250.58,NA,NA,NA,NA,NA,NA,NA,NA,NA,NA,NA,78,39.7,4,397,NA,NA,60.69,1,496,301,322.2,14,19,3222,NA,proj,1731401444140,NA,2024,regular,nfl,4017,season,1731401444140,CLE,rotowire,NA,
11647,https://api.sleeper.com/projections/nfl/player/11647?season_type=regular&season=2024,NA,180.3,999,164.4,159.1,167,159.1,180,233.5,194.6,999,180,17,1,18,77,85.5,68.5,17,3.4,5.1,3.4,1.7,1.7,3.4,12.8,NA,128,NA,94,39.7,3,397,NA,NA,NA,NA,NA,NA,NA,NA,NA,NA,NA,proj,1731401441570,NA,2024,regular,nfl,11647,season,1731401441570,LAC,rotowire,NA,
3214,https://api.sleeper.com/projections/nfl/player/3214?season_type=regular&season=2024,NA,177.8,999,211.6,213.9,207.4,213.9,194.7,298.3,188,999,194.7,NA,NA,18,117.2,148.2,86.2,62,12.4,18.6,12.4,6.2,6.2,12.4,62.2,4,622,NA,NA,NA,NA,NA,NA,62,NA,NA,NA,NA,NA,NA,NA,NA,NA,proj,1731401443614,NA,2024,regular,nfl,3214,season,1731401443614,NE,rotowire,NA,
11565,https://api.sleeper.com/projections/nfl/player/11565?season_type=regular&season=2024,NA,500,999,75,133.2,123.4,133.2,230.4,500,220.9,999,230.4,NA,NA,18,NA,NA,NA,NA,NA,NA,NA,NA,NA,NA,NA,NA,NA,NA,NA,NA,NA,NA,NA,NA,NA,NA,NA,NA,NA,NA,NA,NA,NA,proj,1731401441456,NA,2024,regular,nfl,11565,season,1731401441456,MIN,rotowire,NA,
11655,https://api.sleeper.com/projections/nfl/player/11655?season_type=regular&season=2024,NA,188.3,999,195.1,183.3,193.6,183.3,195.3,257.1,199.1,999,195.3,24,NA,18,105.8,117.8,93.8,24,4.8,7.2,4.8,2.4,2.4,4.8,18,1,180,NA,124,51.8,3,518,NA,NA,NA,NA,NA,NA,NA,NA,NA,NA,NA,proj,1731401441580,NA,2024,regular,nfl,11655,season,1731401441580,NYG,rotowire,NA,
11575,https://api.sleeper.com/projections/nfl/player/11575?season_type=regular&season=2024,NA,187.7,999,186.9,167.1,174.1,167.1,183.5,235.7,197.1,999,183.5,19,1,18,107.2,116.7,97.7,19,3.8,5.7,3.8,1.9,1.9,3.8,14.6,1,146,NA,128,55.1,4,551,NA,NA,NA,NA,NA,NA,NA,NA,NA,NA,NA,proj,1731401441467,NA,2024,regular,nfl,11575,season,1731401441467,BUF,rotowire,NA,
7090,https://api.sleeper.com/projections/nfl/player/7090?season_type=regular&season=2024,NA,181.5,999,193.9,181.3,181.2,181.3,181.6,262.1,192.6,999,181.6,NA,NA,18,118,143,93,50,10,15,10,5,5,10,67.5,4,675,NA,2,1.5,NA,15,50,NA,NA,NA,NA,NA,NA,NA,NA,NA,NA,proj,1731401447851,NA,2024,regular,nfl,7090,season,1731401447851,ATL,rotowire,NA,
9501,https://api.sleeper.com/projections/nfl/player/9501?season_type=regular&season=2024,NA,183.6,999,185.2,178.9,177.8,178.9,195.3,295.1,195.4,999,195.3,NA,1,18,105,132,78,54,10.8,16.2,10.8,5.4,5.4,10.8,58.9,3,589,NA,5,3.1,NA,31,54,NA,NA,NA,NA,NA,NA,NA,NA,NA,NA,proj,1731401450400,NA,2024,regular,nfl,9501,season,1731401450400,NE,rotowire,NA,
11617,https://api.sleeper.com/projections/nfl/player/11617?season_type=regular&season=2024,NA,194.8,999,162.1,150.8,149.9,150.8,212.2,234.8,223,999,212.2,NA,NA,18,25.5,31.5,19.5,12,2.4,3.6,2.4,1.2,1.2,2.4,12.7,1,127,NA,1,0.8,NA,8,12,NA,NA,NA,NA,NA,NA,NA,NA,NA,NA,proj,1731401441530,NA,2024,regular,nfl,11617,season,1731401441530,NYJ,rotowire,NA,
9999,https://api.sleeper.com/projections/nfl/player/9999?season_type=regular&season=2024,NA,100.7,999,100.5,179,191.2,179,204.1,182.8,205.1,999,204.1,NA,3,18,246.74,246.74,246.74,NA,NA,NA,NA,NA,NA,NA,NA,NA,NA,NA,48,16.9,2,169,NA,NA,61.45,1,550,338,372.1,15,22,3721,NA,proj,1731401450457,NA,2024,regular,nfl,9999,season,1731401450457,TEN,rotowire,NA,
11640,https://api.sleeper.com/projections/nfl/player/11640?season_type=regular&season=2024,NA,186.7,999,158.8,146.9,148.7,146.9,205.8,236.7,209.4,999,205.8,NA,NA,18,77,93.5,60.5,33,6.6,9.9,6.6,3.3,3.3,6.6,41.7,3,417,NA,1,0.8,NA,8,33,NA,NA,NA,NA,NA,NA,NA,NA,NA,NA,proj,1731401441561,NA,2024,regular,nfl,11640,season,1731401441561,CIN,rotowire,NA,
8210,https://api.sleeper.com/projections/nfl/player/8210?season_type=regular&season=2024,NA,175.5,999,174.4,183.8,179.3,183.8,211.9,225.8,213.8,999,211.9,NA,1,18,69.2,86.7,51.7,35,7,10.5,7,3.5,3.5,7,35.4,3,354,NA,1,0.3,NA,3,NA,35,NA,NA,NA,NA,NA,NA,NA,NA,NA,proj,1731401449376,NA,2024,regular,nfl,8210,season,1731401449376,TEN,rotowire,NA,
10232,https://api.sleeper.com/projections/nfl/player/10232?season_type=regular&season=2024,NA,190.9,999,172.8,174.7,176,174.7,201.7,293.6,216.7,999,201.7,NA,NA,18,116.9,141.9,91.9,50,10,15,10,5,5,10,67.4,4,674,NA,1,0.5,NA,5,50,NA,NA,NA,NA,NA,NA,NA,NA,NA,NA,proj,1731401440458,NA,2024,regular,nfl,10232,season,1731401440458,ARI,rotowire,NA,
5133,https://api.sleeper.com/projections/nfl/player/5133?season_type=regular&season=2024,NA,178.7,999,227.4,246.4,236,246.4,202.4,309.7,193.4,999,202.4,NA,NA,18,91.4,115.9,66.9,49,9.8,14.7,9.8,4.9,4.9,9.8,48.9,3,489,NA,NA,NA,NA,NA,NA,49,NA,NA,NA,NA,NA,NA,NA,NA,NA,proj,1731401445411,NA,2024,regular,nfl,5133,season,1731401445411,NYJ,rotowire,NA,
1373,https://api.sleeper.com/projections/nfl/player/1373?season_type=regular&season=2024,NA,101.8,999,135.2,249.8,275.1,249.8,206.4,190.6,209.6,999,206.4,NA,3,18,298.1,298.1,298.1,NA,NA,NA,NA,NA,NA,NA,NA,NA,NA,NA,38,15.9,2,159,NA,NA,67.04,1,625,419,450.5,14,27,4505,NA,proj,1731401442719,NA,2024,regular,nfl,1373,season,1731401442719,SEA,rotowire,NA,
11576,https://api.sleeper.com/projections/nfl/player/11576?season_type=regular&season=2024,NA,207.6,999,188.2,162.4,164.8,162.4,191,260.5,198.9,999,191,18,2,18,90.2,99.2,81.2,18,3.6,5.4,3.6,1.8,1.8,3.6,13.2,2,132,NA,101,42,3,420,NA,NA,NA,NA,NA,NA,NA,NA,NA,NA,NA,proj,1731401441468,NA,2024,regular,nfl,11576,season,1731401441468,NYJ,rotowire,NA,
10235,https://api.sleeper.com/projections/nfl/player/10235?season_type=regular&season=2024,NA,199.3,999,181.8,164.1,163.6,164.1,236.6,263.4,229.6,999,236.6,16,1,18,56.8,64.8,48.8,16,3.2,4.8,3.2,1.6,1.6,3.2,12.1,1,121,NA,50,20.7,2,207,NA,NA,NA,NA,NA,NA,NA,NA,NA,NA,NA,proj,1731401440461,NA,2024,regular,nfl,10235,season,1731401440461,CHI,rotowire,NA,
9494,https://api.sleeper.com/projections/nfl/player/9494?season_type=regular&season=2024,NA,191.7,999,183.3,157.5,167.2,157.5,209.6,294.5,226.7,999,209.6,NA,NA,18,28.7,34.7,22.7,12,2.4,3.6,2.4,1.2,1.2,2.4,16,1,160,NA,1,0.7,NA,7,12,NA,NA,NA,NA,NA,NA,NA,NA,NA,NA,proj,1731401450389,NA,2024,regular,nfl,9494,season,1731401450389,DEN,rotowire,NA,
8126,https://api.sleeper.com/projections/nfl/player/8126?season_type=regular&season=2024,NA,195.2,999,205.4,197.6,199.6,197.6,231,317.3,219.9,999,231,NA,1,18,154.3,196.3,112.3,84,16.8,25.2,16.8,8.4,8.4,16.8,77.1,5,771,NA,13,7.2,NA,72,84,NA,NA,NA,NA,NA,NA,NA,NA,NA,NA,proj,1731401449259,NA,2024,regular,nfl,8126,season,1731401449259,NYG,rotowire,NA,
11564,https://api.sleeper.com/projections/nfl/player/11564?season_type=regular&season=2024,NA,129.7,999,63.4,139.5,139.1,139.5,226.5,114.8,222.6,999,226.5,NA,3,18,155.08,155.08,155.08,NA,NA,NA,NA,NA,NA,NA,NA,NA,NA,NA,51,20.2,2,202,NA,NA,61.52,1,330,203,217.2,8,12,2172,NA,proj,1731401441454,NA,2024,regular,nfl,11564,season,1731401441454,NE,rotowire,NA,
11650,https://api.sleeper.com/projections/nfl/player/11650?season_type=regular&season=2024,NA,209.3,999,182,153.3,151.8,153.3,207.6,252.8,214.6,999,207.6,NA,NA,18,85.3,105.8,64.8,41,8.2,12.3,8.2,4.1,4.1,8.2,44.6,3,446,NA,5,2.2,NA,22,41,NA,NA,NA,NA,NA,NA,NA,NA,NA,NA,proj,1731401441574,NA,2024,regular,nfl,11650,season,1731401441574,WAS,rotowire,NA,
7608,https://api.sleeper.com/projections/nfl/player/7608?season_type=regular&season=2024,NA,197.5,999,214.6,190.7,187.8,190.7,198.2,318.8,215.3,999,198.2,8,NA,18,65.7,69.7,61.7,8,1.6,2.4,1.6,0.8,0.8,1.6,5.7,1,57,NA,75,32,3,320,NA,NA,NA,NA,NA,NA,NA,NA,NA,NA,NA,proj,1731401448509,NA,2024,regular,nfl,7608,season,1731401448509,CIN,rotowire,NA,
11600,https://api.sleeper.com/projections/nfl/player/11600?season_type=regular&season=2024,NA,193.3,999,157.5,154.5,154.3,154.5,232.4,205.6,221.4,999,232.4,NA,NA,18,69.5,85.5,53.5,32,6.4,9.6,6.4,3.2,3.2,6.4,35.5,3,355,NA,NA,NA,NA,NA,NA,32,NA,NA,NA,NA,NA,NA,NA,NA,NA,proj,1731401441507,NA,2024,regular,nfl,11600,season,1731401441507,CAR,rotowire,NA,
9511,https://api.sleeper.com/projections/nfl/player/9511?season_type=regular&season=2024,NA,219.6,999,180.3,163.4,171.4,163.4,237.3,306.2,255.6,999,237.3,10,NA,18,39,44,34,10,2,3,2,1,1,2,7.5,NA,75,NA,45,20.5,1,205,NA,NA,NA,NA,NA,NA,NA,NA,NA,NA,NA,proj,1731401450414,NA,2024,regular,nfl,9511,season,1731401450414,BAL,rotowire,NA,
7571,https://api.sleeper.com/projections/nfl/player/7571?season_type=regular&season=2024,NA,198.9,999,199.7,189.7,189.5,189.7,208.9,327.4,211.2,999,208.9,NA,NA,18,106.2,129.2,83.2,46,9.2,13.8,9.2,4.6,4.6,9.2,58.7,4,587,NA,1,0.5,NA,5,46,NA,NA,NA,NA,NA,NA,NA,NA,NA,NA,proj,1731401448466,NA,2024,regular,nfl,7571,season,1731401448466,BAL,rotowire,NA,
11584,https://api.sleeper.com/projections/nfl/player/11584?season_type=regular&season=2024,NA,199.2,999,178.7,166,158.3,166,199.3,253.9,207.9,999,199.3,26,1,18,112,125,99,26,5.2,7.8,5.2,2.6,2.6,5.2,19.3,1,193,NA,114,51.7,4,517,NA,NA,NA,NA,NA,NA,NA,NA,NA,NA,NA,proj,1731401441480,NA,2024,regular,nfl,11584,season,1731401441480,TB,rotowire,NA,
7561,https://api.sleeper.com/projections/nfl/player/7561?season_type=regular&season=2024,NA,203.5,999,223.1,204.5,211.5,204.5,197.6,339.6,200.2,999,197.6,NA,NA,18,NA,NA,NA,NA,NA,NA,NA,NA,NA,NA,NA,NA,NA,NA,NA,NA,NA,NA,NA,NA,NA,NA,NA,NA,NA,NA,NA,NA,NA,proj,1731401448453,NA,2024,regular,nfl,7561,season,1731401448453,SF,rotowire,NA,
4144,https://api.sleeper.com/projections/nfl/player/4144?season_type=regular&season=2024,NA,212.8,999,262.2,343.9,327.9,343.9,239.3,437.4,230.5,999,239.3,NA,NA,18,72.4,90.4,54.4,36,7.2,10.8,7.2,3.6,3.6,7.2,36.4,3,364,NA,NA,NA,NA,NA,NA,36,NA,NA,NA,NA,NA,NA,NA,NA,NA,proj,1731401444288,NA,2024,regular,nfl,4144,season,1731401444288,MIA,rotowire,NA,
8129,https://api.sleeper.com/projections/nfl/player/8129?season_type=regular&season=2024,NA,185.3,999,198.5,173.1,173.9,173.1,202.5,247.5,212.4,999,202.5,9,1,18,70.8,75.3,66.3,9,1.8,2.7,1.8,0.9,0.9,1.8,6.7,NA,67,NA,106,43.6,3,436,NA,NA,NA,NA,NA,NA,NA,NA,NA,NA,NA,proj,1731401449262,NA,2024,regular,nfl,8129,season,1731401449262,HOU,rotowire,NA,
11579,https://api.sleeper.com/projections/nfl/player/11579?season_type=regular&season=2024,NA,211.2,999,190.8,175.7,175.3,175.7,213.6,265.8,227.7,999,213.6,12,NA,18,50.6,56.6,44.6,12,2.4,3.6,2.4,1.2,1.2,2.4,8.8,NA,88,NA,56,23.8,2,238,NA,NA,NA,NA,NA,NA,NA,NA,NA,NA,NA,proj,1731401441473,NA,2024,regular,nfl,11579,season,1731401441473,DEN,rotowire,NA,
7002,https://api.sleeper.com/projections/nfl/player/7002?season_type=regular&season=2024,NA,206.1,999,242.3,275.4,303.5,275.4,248.4,430.3,271.4,999,248.4,NA,NA,18,69.9,85.9,53.9,32,6.4,9.6,6.4,3.2,3.2,6.4,35.9,3,359,NA,NA,NA,NA,NA,NA,32,NA,NA,NA,NA,NA,NA,NA,NA,NA,proj,1731401447743,NA,2024,regular,nfl,7002,season,1731401447743,NO,rotowire,NA,
2078,https://api.sleeper.com/projections/nfl/player/2078?season_type=regular&season=2024,NA,235.4,999,251.5,231.5,253.6,231.5,247.9,407.5,251.8,999,247.9,NA,NA,18,78,95,61,34,6.8,10.2,6.8,3.4,3.4,6.8,42.3,3,423,NA,1,0.7,NA,7,34,NA,NA,NA,NA,NA,NA,NA,NA,NA,NA,proj,1731401443079,NA,2024,regular,nfl,2078,season,1731401443079,MIA,rotowire,NA,
9228,https://api.sleeper.com/projections/nfl/player/9228?season_type=regular&season=2024,NA,121.6,999,84.9,169.8,157.8,169.8,228.5,183.9,225.3,999,228.5,NA,2,18,174.04,174.04,174.04,NA,NA,NA,NA,NA,NA,NA,NA,NA,NA,NA,37,17,2,170,NA,NA,60.41,1,394,238,255.1,11,14,2551,NA,proj,1731401450359,NA,2024,regular,nfl,9228,season,1731401450359,CAR,rotowire,NA,
11563,https://api.sleeper.com/projections/nfl/player/11563?season_type=regular&season=2024,NA,137.7,999,99.9,158.6,161.6,158.6,220.8,183.2,206.9,999,220.8,NA,3,18,247.9,247.9,247.9,NA,NA,NA,NA,NA,NA,NA,NA,NA,NA,NA,95,45.5,4,455,NA,NA,64.38,NA,466,300,311,12,18,3110,NA,proj,1731401441453,NA,2024,regular,nfl,11563,season,1731401441453,DEN,rotowire,NA,
1234,https://api.sleeper.com/projections/nfl/player/1234?season_type=regular&season=2024,NA,131,999,159.1,270.7,285.4,270.7,246.8,215.1,250.9,999,246.8,NA,2,18,184.14,184.14,184.14,NA,NA,NA,NA,NA,NA,NA,NA,NA,NA,NA,40,17.1,2,171,NA,NA,64.11,1,326,209,250.1,7,16,2501,NA,proj,1731401442514,NA,2024,regular,nfl,1234,season,1731401442514,PIT,rotowire,NA,
5857,https://api.sleeper.com/projections/nfl/player/5857?season_type=regular&season=2024,NA,191,999,212.9,215.3,207.5,215.3,223.2,324.6,216.9,999,223.2,NA,NA,18,93.6,118.6,68.6,50,10,15,10,5,5,10,50.6,3,506,NA,NA,NA,NA,NA,NA,50,NA,NA,NA,NA,NA,NA,NA,NA,NA,proj,1731401446289,NA,2024,regular,nfl,5857,season,1731401446289,SEA,rotowire,NA,
2028,https://api.sleeper.com/projections/nfl/player/2028?season_type=regular&season=2024,NA,122.2,999,154.1,308.8,292.8,308.8,244.4,206.7,253.3,999,244.4,NA,3,18,231.8,231.8,231.8,NA,NA,NA,NA,NA,NA,NA,NA,NA,NA,NA,31,6.8,1,68,NA,NA,66.67,1,531,354,365,11,22,3650,NA,proj,1731401443057,NA,2024,regular,nfl,2028,season,1731401443057,NO,rotowire,NA,
11645,https://api.sleeper.com/projections/nfl/player/11645?season_type=regular&season=2024,NA,205.7,999,171.3,170,170.1,170,237.3,259.7,228.4,999,237.3,NA,NA,18,30.8,37.8,23.8,14,2.8,4.2,2.8,1.4,1.4,2.8,17,1,170,NA,1,0.8,NA,8,14,NA,NA,NA,NA,NA,NA,NA,NA,NA,NA,proj,1731401441567,NA,2024,regular,nfl,11645,season,1731401441567,NE,rotowire,NA,
11597,https://api.sleeper.com/projections/nfl/player/11597?season_type=regular&season=2024,NA,215.4,999,197.2,199.2,198.8,199.2,258.1,290.6,244.1,999,258.1,NA,NA,18,68.1,84.1,52.1,32,6.4,9.6,6.4,3.2,3.2,6.4,34.1,3,341,NA,NA,NA,NA,NA,NA,32,NA,NA,NA,NA,NA,NA,NA,NA,NA,proj,1731401441501,NA,2024,regular,nfl,11597,season,1731401441501,NYG,rotowire,NA,
6820,https://api.sleeper.com/projections/nfl/player/6820?season_type=regular&season=2024,NA,223.3,999,243.5,222,239.5,222,221.5,383.9,224,999,221.5,15,NA,18,49,56.5,41.5,15,3,4.5,3,1.5,1.5,3,11.2,1,112,NA,44,18.3,1,183,NA,NA,NA,NA,NA,NA,NA,NA,NA,NA,NA,proj,1731401447506,NA,2024,regular,nfl,6820,season,1731401447506,KC,rotowire,NA,
5987,https://api.sleeper.com/projections/nfl/player/5987?season_type=regular&season=2024,NA,210.4,999,226.6,202.6,213.8,202.6,229.3,340.2,231,999,229.3,31,1,18,127,142.5,111.5,31,6.2,9.3,6.2,3.1,3.1,6.2,22.1,1,221,NA,153,61.4,4,614,NA,NA,NA,NA,NA,NA,NA,NA,NA,NA,NA,proj,1731401446470,NA,2024,regular,nfl,5987,season,1731401446470,LV,rotowire,NA,
11629,https://api.sleeper.com/projections/nfl/player/11629?season_type=regular&season=2024,NA,227.9,999,202.8,196.1,186.3,196.1,271.1,308.7,267.2,999,271.1,NA,NA,18,74.1,90.1,58.1,32,6.4,9.6,6.4,3.2,3.2,6.4,39.4,3,394,NA,1,0.7,NA,7,32,NA,NA,NA,NA,NA,NA,NA,NA,NA,NA,proj,1731401441547,NA,2024,regular,nfl,11629,season,1731401441547,BAL,rotowire,NA,
5870,https://api.sleeper.com/projections/nfl/player/5870?season_type=regular&season=2024,NA,133.9,999,151.9,260.1,282.8,260.1,240.9,273.2,257.3,999,240.9,NA,3,18,222.44,222.44,222.44,NA,NA,NA,NA,NA,NA,NA,NA,NA,NA,NA,84,41.4,3,414,NA,NA,62.88,1,423,266,290.1,9,15,2901,NA,proj,1731401446310,NA,2024,regular,nfl,5870,season,1731401446310,NYG,rotowire,NA,
4080,https://api.sleeper.com/projections/nfl/player/4080?season_type=regular&season=2024,NA,223.2,999,245.4,231.7,254.1,231.7,272.2,441.3,265.3,999,272.2,NA,1,18,70.9,86.9,54.9,32,6.4,9.6,6.4,3.2,3.2,6.4,38.3,3,383,NA,2,0.6,NA,6,32,NA,NA,NA,NA,NA,NA,NA,NA,NA,NA,proj,1731401444205,NA,2024,regular,nfl,4080,season,1731401444205,ARI,rotowire,NA,
3286,https://api.sleeper.com/projections/nfl/player/3286?season_type=regular&season=2024,NA,214.4,999,278.5,247.7,271.1,247.7,225.2,386.6,244.2,999,225.2,NA,NA,18,119.6,143.6,95.6,48,9.6,14.4,9.6,4.8,4.8,9.6,70.4,4,704,NA,1,1.2,NA,12,48,NA,NA,NA,NA,NA,NA,NA,NA,NA,NA,proj,1731401443691,NA,2024,regular,nfl,3286,season,1731401443691,LAR,rotowire,NA,
9225,https://api.sleeper.com/projections/nfl/player/9225?season_type=regular&season=2024,NA,225.6,999,210.9,198.4,204.1,198.4,222,338.9,246.7,999,222,19,2,18,127,136.5,117.5,19,3.8,5.7,3.8,1.9,1.9,3.8,13.7,1,137,NA,151,65.8,6,658,NA,NA,NA,NA,NA,NA,NA,NA,NA,NA,NA,proj,1731401450355,NA,2024,regular,nfl,9225,season,1731401450355,JAX,rotowire,NA,
7591,https://api.sleeper.com/projections/nfl/player/7591?season_type=regular&season=2024,NA,149,999,127.1,187.6,195.3,187.6,209.2,194.9,208.4,999,209.2,NA,9,18,266.6,266.6,266.6,NA,NA,NA,NA,NA,NA,NA,NA,NA,NA,NA,135,74.4,6,744,NA,NA,61.11,NA,432,264,303,11,16,3030,NA,proj,1731401448489,NA,2024,regular,nfl,7591,season,1731401448489,PIT,rotowire,NA,
9482,https://api.sleeper.com/projections/nfl/player/9482?season_type=regular&season=2024,NA,213.1,999,191.4,193.8,188.5,193.8,276.3,289.7,268.7,999,276.3,NA,NA,18,54.2,67.7,40.7,27,5.4,8.1,5.4,2.7,2.7,5.4,28.7,2,287,NA,NA,NA,NA,NA,NA,27,NA,NA,NA,NA,NA,NA,NA,NA,NA,proj,1731401450374,NA,2024,regular,nfl,9482,season,1731401450374,LV,rotowire,NA,
4993,https://api.sleeper.com/projections/nfl/player/4993?season_type=regular&season=2024,NA,204.5,999,237.9,228.7,249.2,228.7,233.8,367.3,218.5,999,233.8,NA,NA,18,77.3,95.8,58.8,37,7.4,11.1,7.4,3.7,3.7,7.4,40.8,3,408,NA,NA,NA,NA,NA,NA,37,NA,NA,NA,NA,NA,NA,NA,NA,NA,proj,1731401445225,NA,2024,regular,nfl,4993,season,1731401445225,CIN,rotowire,NA,
11618,https://api.sleeper.com/projections/nfl/player/11618?season_type=regular&season=2024,NA,207,999,183.9,180.6,180.8,180.6,235.8,299.5,241.8,999,235.8,NA,NA,18,56.3,70.3,42.3,28,5.6,8.4,5.6,2.8,2.8,5.6,29.2,2,292,NA,2,1.1,NA,11,28,NA,NA,NA,NA,NA,NA,NA,NA,NA,NA,proj,1731401441532,NA,2024,regular,nfl,11618,season,1731401441532,TB,rotowire,NA,
9484,https://api.sleeper.com/projections/nfl/player/9484?season_type=regular&season=2024,NA,201.7,999,189.6,195.4,202.5,195.4,274.2,332,262.5,999,274.2,NA,NA,18,96.5,120,73,47,9.4,14.1,9.4,4.7,4.7,9.4,49,4,490,NA,NA,NA,NA,NA,NA,47,NA,NA,NA,NA,NA,NA,NA,NA,NA,proj,1731401450376,NA,2024,regular,nfl,9484,season,1731401450376,GB,rotowire,NA,
6865,https://api.sleeper.com/projections/nfl/player/6865?season_type=regular&season=2024,NA,215.8,999,246.2,298.1,278.7,298.1,262.4,412.5,254,999,262.4,NA,NA,18,88.4,108.9,67.9,41,8.2,12.3,8.2,4.1,4.1,8.2,43.9,4,439,NA,NA,NA,NA,NA,NA,41,NA,NA,NA,NA,NA,NA,NA,NA,NA,proj,1731401447563,NA,2024,regular,nfl,6865,season,1731401447563,LAR,rotowire,NA,
3225,https://api.sleeper.com/projections/nfl/player/3225?season_type=regular&season=2024,NA,220.4,999,235,219.9,239.6,219.9,243.1,343.2,242.9,999,243.1,NA,1,18,82.4,103.9,60.9,43,8.6,12.9,8.6,4.3,4.3,8.6,44.1,3,441,NA,2,0.8,NA,8,43,NA,NA,NA,NA,NA,NA,NA,NA,NA,NA,proj,1731401443628,NA,2024,regular,nfl,3225,season,1731401443628,TEN,rotowire,NA,
11621,https://api.sleeper.com/projections/nfl/player/11621?season_type=regular&season=2024,NA,270.2,999,201.4,186.3,182.7,186.3,265.9,316.3,263.4,999,265.9,NA,NA,18,25.7,31.2,20.2,11,2.2,3.3,2.2,1.1,1.1,2.2,13.8,1,138,NA,1,0.4,NA,4,11,NA,NA,NA,NA,NA,NA,NA,NA,NA,NA,proj,1731401441536,NA,2024,regular,nfl,11621,season,1731401441536,LAC,rotowire,NA,
8219,https://api.sleeper.com/projections/nfl/player/8219?season_type=regular&season=2024,NA,222.4,999,229,257,255.7,257,265.5,401.4,270.8,999,265.5,NA,NA,18,NA,NA,NA,NA,NA,NA,NA,NA,NA,NA,NA,NA,NA,NA,NA,NA,NA,NA,NA,NA,NA,NA,NA,NA,NA,NA,NA,NA,NA,proj,1731401449387,NA,2024,regular,nfl,8219,season,1731401449387,IND,rotowire,NA,
8172,https://api.sleeper.com/projections/nfl/player/8172?season_type=regular&season=2024,NA,218.2,999,207.2,214.7,238.4,214.7,264.5,361.2,258,999,264.5,NA,NA,18,62.6,79.1,46.1,33,6.6,9.9,6.6,3.3,3.3,6.6,34.1,2,341,NA,NA,NA,NA,NA,NA,33,NA,NA,NA,NA,NA,NA,NA,NA,NA,proj,1731401449318,NA,2024,regular,nfl,8172,season,1731401449318,DEN,rotowire,NA,
11651,https://api.sleeper.com/projections/nfl/player/11651?season_type=regular&season=2024,NA,239.4,999,209.2,194.2,201.2,194.2,242.4,333,264.1,999,242.4,12,NA,18,66.7,72.7,60.7,12,2.4,3.6,2.4,1.2,1.2,2.4,9.1,NA,91,NA,79,33.6,3,336,NA,NA,NA,NA,NA,NA,NA,NA,NA,NA,NA,proj,1731401441575,NA,2024,regular,nfl,11651,season,1731401441575,SF,rotowire,NA,
11577,https://api.sleeper.com/projections/nfl/player/11577?season_type=regular&season=2024,NA,229.4,999,206.8,182.5,183,182.5,223.5,319.3,247,999,223.5,11,NA,18,60.5,66,55,11,2.2,3.3,2.2,1.1,1.1,2.2,8.4,1,84,NA,67,28.6,2,286,NA,NA,NA,NA,NA,NA,NA,NA,NA,NA,NA,proj,1731401441470,NA,2024,regular,nfl,11577,season,1731401441470,PHI,rotowire,NA,
6011,https://api.sleeper.com/projections/nfl/player/6011?season_type=regular&season=2024,NA,150.2,999,177.1,310.9,335.7,310.9,268.3,281.5,260.2,999,268.3,NA,2,18,188.14,188.14,188.14,NA,NA,NA,NA,NA,NA,NA,NA,NA,NA,NA,40,15.9,2,159,NA,NA,64.62,NA,424,274,285.6,10,15,2856,NA,proj,1731401446508,NA,2024,regular,nfl,6011,season,1731401446508,LV,rotowire,NA,
4111,https://api.sleeper.com/projections/nfl/player/4111?season_type=regular&season=2024,NA,237.4,999,266.1,266.5,294.2,266.5,244.5,494.1,269.7,999,244.5,10,NA,18,54.6,59.6,49.6,10,2,3,2,1,1,2,7.4,NA,74,NA,72,30.2,2,302,NA,NA,NA,NA,NA,NA,NA,NA,NA,NA,NA,proj,1731401444245,NA,2024,regular,nfl,4111,season,1731401444245,CLE,rotowire,NA,
5970,https://api.sleeper.com/projections/nfl/player/5970?season_type=regular&season=2024,NA,217.9,999,244.2,223.1,245.1,223.1,227.4,397.3,248,999,227.4,NA,NA,18,102,129.5,74.5,55,11,16.5,11,5.5,5.5,11,54,3,540,NA,5,2.5,NA,25,55,NA,NA,NA,NA,NA,NA,NA,NA,NA,NA,proj,1731401446448,NA,2024,regular,nfl,5970,season,1731401446448,ARI,rotowire,NA,
6828,https://api.sleeper.com/projections/nfl/player/6828?season_type=regular&season=2024,NA,230.5,999,228.8,212.7,206.6,212.7,234,341.9,243.7,999,234,NA,NA,18,NA,NA,NA,NA,NA,NA,NA,NA,NA,NA,NA,NA,NA,NA,NA,NA,NA,NA,NA,NA,NA,NA,NA,NA,NA,NA,NA,NA,NA,proj,1731401447516,NA,2024,regular,nfl,6828,season,1731401447516,GB,rotowire,NA,
9497,https://api.sleeper.com/projections/nfl/player/9497?season_type=regular&season=2024,NA,242.5,999,217.7,203.7,205.5,203.7,269.2,377.7,265.8,999,269.2,NA,NA,18,58.1,69.6,46.6,23,4.6,6.9,4.6,2.3,2.3,4.6,34.3,2,343,NA,1,0.3,NA,3,23,NA,NA,NA,NA,NA,NA,NA,NA,NA,NA,proj,1731401450393,NA,2024,regular,nfl,9497,season,1731401450393,NYG,rotowire,NA,
4951,https://api.sleeper.com/projections/nfl/player/4951?season_type=regular&season=2024,NA,228.3,999,239.5,225.8,251.2,225.8,241.5,414.6,256.2,999,241.5,NA,NA,18,75.2,90.7,59.7,31,6.2,9.3,6.2,3.1,3.1,6.2,41.1,3,411,NA,1,0.6,NA,6,31,NA,NA,NA,NA,NA,NA,NA,NA,NA,NA,proj,1731401445172,NA,2024,regular,nfl,4951,season,1731401445172,LAC,rotowire,NA,
4454,https://api.sleeper.com/projections/nfl/player/4454?season_type=regular&season=2024,NA,243.2,999,285.4,314.3,307,314.3,275.7,500.3,281.7,999,275.7,NA,NA,18,88,107.5,68.5,39,7.8,11.7,7.8,3.9,3.9,7.8,49.3,3,493,NA,2,1.2,NA,12,39,NA,NA,NA,NA,NA,NA,NA,NA,NA,NA,proj,1731401444629,NA,2024,regular,nfl,4454,season,1731401444629,NE,rotowire,NA,
11574,https://api.sleeper.com/projections/nfl/player/11574?season_type=regular&season=2024,NA,231.6,999,220.6,210.4,212.8,210.4,256.8,342.1,261.4,999,256.8,15,NA,18,56.1,63.6,48.6,15,3,4.5,3,1.5,1.5,3,11,NA,110,NA,62,25.6,2,256,NA,NA,NA,NA,NA,NA,NA,NA,NA,NA,NA,proj,1731401441465,NA,2024,regular,nfl,11574,season,1731401441465,LV,rotowire,NA,
5906,https://api.sleeper.com/projections/nfl/player/5906?season_type=regular&season=2024,NA,233.5,999,249.5,262.1,257.6,262.1,270.7,429.2,251.6,999,270.7,NA,NA,18,64.2,78.7,49.7,29,5.8,8.7,5.8,2.9,2.9,5.8,31.7,3,317,NA,NA,NA,NA,NA,NA,29,NA,NA,NA,NA,NA,NA,NA,NA,NA,proj,1731401446361,NA,2024,regular,nfl,5906,season,1731401446361,BUF,rotowire,NA,
6149,https://api.sleeper.com/projections/nfl/player/6149?season_type=regular&season=2024,NA,239.5,999,269.3,271.2,302.9,271.2,272.6,459.4,278.2,999,272.6,NA,NA,18,106.1,127.1,85.1,42,8.4,12.6,8.4,4.2,4.2,8.4,60.5,4,605,NA,1,0.6,NA,6,42,NA,NA,NA,NA,NA,NA,NA,NA,NA,NA,proj,1731401446686,NA,2024,regular,nfl,6149,season,1731401446686,NYG,rotowire,NA,
1339,https://api.sleeper.com/projections/nfl/player/1339?season_type=regular&season=2024,NA,226,999,281.4,305.8,334.5,305.8,263.1,483.3,258.2,999,263.1,NA,NA,18,71.8,91.8,51.8,40,8,12,8,4,4,8,39.8,2,398,NA,NA,NA,NA,NA,NA,40,NA,NA,NA,NA,NA,NA,NA,NA,NA,proj,1731401442701,NA,2024,regular,nfl,1339,season,1731401442701,WAS,rotowire,NA,
7601,https://api.sleeper.com/projections/nfl/player/7601?season_type=regular&season=2024,NA,271.6,999,234.4,226.1,252,226.1,271.7,418.3,283.8,999,271.7,NA,NA,18,NA,NA,NA,NA,NA,NA,NA,NA,NA,NA,NA,NA,NA,NA,NA,NA,NA,NA,NA,NA,NA,NA,NA,NA,NA,NA,NA,NA,NA,proj,1731401448500,NA,2024,regular,nfl,7601,season,1731401448500,ATL,rotowire,NA,
4943,https://api.sleeper.com/projections/nfl/player/4943?season_type=regular&season=2024,NA,179.2,999,213.7,354.8,332.1,354.8,254.3,327.2,239.6,999,254.3,NA,5,18,274.98,274.98,274.98,NA,NA,NA,NA,NA,NA,NA,NA,NA,NA,NA,55,21.3,2,213,NA,NA,62.5,4,544,340,384.2,14,26,3842,NA,proj,1731401445165,NA,2024,regular,nfl,4943,season,1731401445165,MIN,rotowire,NA,
8117,https://api.sleeper.com/projections/nfl/player/8117?season_type=regular&season=2024,NA,234.9,999,247.7,253.2,277,253.2,255.8,406.3,249.1,999,255.8,NA,NA,18,109.8,134.8,84.8,50,10,15,10,5,5,10,59.9,4,599,NA,1,0.9,NA,9,50,NA,NA,NA,NA,NA,NA,NA,NA,NA,NA,proj,1731401449246,NA,2024,regular,nfl,8117,season,1731401449246,DAL,rotowire,NA,
4973,https://api.sleeper.com/projections/nfl/player/4973?season_type=regular&season=2024,NA,231.7,999,290.5,351.4,327.3,351.4,287.6,513.4,275.8,999,287.6,NA,NA,18,54.8,68.8,40.8,28,5.6,8.4,5.6,2.8,2.8,5.6,28.8,2,288,NA,NA,NA,NA,NA,NA,28,NA,NA,NA,NA,NA,NA,NA,NA,NA,proj,1731401445200,NA,2024,regular,nfl,4973,season,1731401445200,LAC,rotowire,NA,
5995,https://api.sleeper.com/projections/nfl/player/5995?season_type=regular&season=2024,NA,257.5,999,292.2,297.8,329,297.8,253.5,490.8,240.2,999,253.5,33,NA,18,81.5,98,65,33,6.6,9.9,6.6,3.3,3.3,6.6,24,1,240,NA,54,23,2,230,NA,NA,NA,NA,NA,NA,NA,NA,NA,NA,NA,proj,1731401446484,NA,2024,regular,nfl,5995,season,1731401446484,BAL,rotowire,NA,
10866,https://api.sleeper.com/projections/nfl/player/10866?season_type=regular&season=2024,NA,189.8,999,207.8,356,343.6,356,294.1,326.3,290.6,999,294.1,NA,1,18,51.94,51.94,51.94,NA,NA,NA,NA,NA,NA,NA,NA,NA,NA,NA,8,1.7,NA,17,NA,NA,62.5,NA,136,85,90.6,4,5,906,NA,proj,1731401440515,NA,2024,regular,nfl,10866,season,1731401440515,LV,rotowire,NA,
9505,https://api.sleeper.com/projections/nfl/player/9505?season_type=regular&season=2024,NA,309.5,999,270.1,258.2,289.5,258.2,279.7,462.2,289.9,999,279.7,9,NA,18,30.8,35.3,26.3,9,1.8,2.7,1.8,0.9,0.9,1.8,7,NA,70,NA,31,13.3,1,133,NA,NA,NA,NA,NA,NA,NA,NA,NA,NA,NA,proj,1731401450405,NA,2024,regular,nfl,9505,season,1731401450405,DAL,rotowire,NA,
8225,https://api.sleeper.com/projections/nfl/player/8225?season_type=regular&season=2024,NA,238,999,258.3,316,300.9,316,292.5,475.9,279.7,999,292.5,NA,NA,18,26,32.5,19.5,13,2.6,3.9,2.6,1.3,1.3,2.6,13.5,1,135,NA,NA,NA,NA,NA,NA,13,NA,NA,NA,NA,NA,NA,NA,NA,NA,proj,1731401449395,NA,2024,regular,nfl,8225,season,1731401449395,NYG,rotowire,NA,
11559,https://api.sleeper.com/projections/nfl/player/11559?season_type=regular&season=2024,NA,196.9,999,117.2,171,172.3,171,260.7,193.7,266.9,999,260.7,NA,1,18,34.16,34.16,34.16,NA,NA,NA,NA,NA,NA,NA,NA,NA,NA,NA,9,3.8,1,38,NA,NA,62.3,NA,61,38,40.9,2,3,409,NA,proj,1731401441447,NA,2024,regular,nfl,11559,season,1731401441447,ATL,rotowire,NA,
7596,https://api.sleeper.com/projections/nfl/player/7596?season_type=regular&season=2024,NA,241.5,999,223.4,217.9,215.5,217.9,267,420.4,276.2,999,267,NA,NA,18,80,99,61,38,7.6,11.4,7.6,3.8,3.8,7.6,41.2,3,412,NA,4,1.8,NA,18,38,NA,NA,NA,NA,NA,NA,NA,NA,NA,NA,proj,1731401448495,NA,2024,regular,nfl,7596,season,1731401448495,CLE,rotowire,NA,
7567,https://api.sleeper.com/projections/nfl/player/7567?season_type=regular&season=2024,NA,263.5,999,247,230.8,255.1,230.8,261.8,449.9,270.5,999,261.8,14,NA,18,48.2,55.2,41.2,14,2.8,4.2,2.8,1.4,1.4,2.8,10.4,1,104,NA,45,18.8,1,188,NA,NA,NA,NA,NA,NA,NA,NA,NA,NA,NA,proj,1731401448460,NA,2024,regular,nfl,7567,season,1731401448460,PHI,rotowire,NA,
10863,https://api.sleeper.com/projections/nfl/player/10863?season_type=regular&season=2024,NA,268.3,999,238.2,255.7,258.7,255.7,295.1,452,282.8,999,295.1,NA,NA,18,54.6,65.6,43.6,22,4.4,6.6,4.4,2.2,2.2,4.4,31.2,2,312,NA,1,0.4,NA,4,22,NA,NA,NA,NA,NA,NA,NA,NA,NA,NA,proj,1731401440512,NA,2024,regular,nfl,10863,season,1731401440512,DEN,rotowire,NA,
11610,https://api.sleeper.com/projections/nfl/player/11610?season_type=regular&season=2024,NA,263.1,999,219.7,211.7,209.3,211.7,281.8,389.5,279.2,999,281.8,NA,NA,18,30.5,37,24,13,2.6,3.9,2.6,1.3,1.3,2.6,16.6,1,166,NA,2,1.4,NA,14,13,NA,NA,NA,NA,NA,NA,NA,NA,NA,NA,proj,1731401441519,NA,2024,regular,nfl,11610,season,1731401441519,MIA,rotowire,NA,
4171,https://api.sleeper.com/projections/nfl/player/4171?season_type=regular&season=2024,NA,279.2,999,303.7,325,340.1,325,287.3,617.8,299.9,999,287.3,NA,NA,18,87.9,107.9,67.9,40,8,12,8,4,4,8,49.3,3,493,NA,1,0.6,NA,6,40,NA,NA,NA,NA,NA,NA,NA,NA,NA,NA,proj,1731401444326,NA,2024,regular,nfl,4171,season,1731401444326,DEN,rotowire,NA,
7066,https://api.sleeper.com/projections/nfl/player/7066?season_type=regular&season=2024,NA,269.8,999,265.5,269.2,286.5,269.2,293.5,511.8,293.5,999,293.5,NA,NA,18,48,58,38,20,4,6,4,2,2,4,25.6,2,256,NA,1,0.4,NA,4,20,NA,NA,NA,NA,NA,NA,NA,NA,NA,NA,proj,1731401447822,NA,2024,regular,nfl,7066,season,1731401447822,NE,rotowire,NA,
6151,https://api.sleeper.com/projections/nfl/player/6151?season_type=regular&season=2024,NA,265,999,252.8,233.3,259.9,233.3,291.3,428.5,301.3,999,291.3,6,1,18,30.8,33.8,27.8,6,1.2,1.8,1.2,0.6,0.6,1.2,4.4,NA,44,NA,47,19.4,1,194,NA,NA,NA,NA,NA,NA,NA,NA,NA,NA,NA,proj,1731401446688,NA,2024,regular,nfl,6151,season,1731401446688,CAR,rotowire,NA,
9492,https://api.sleeper.com/projections/nfl/player/9492?season_type=regular&season=2024,NA,315.5,999,257.2,274.9,298.9,274.9,683.4,510.6,307.6,999,683.4,NA,NA,18,31.2,38.2,24.2,14,2.8,4.2,2.8,1.4,1.4,2.8,17.2,1,172,NA,2,1,NA,10,14,NA,NA,NA,NA,NA,NA,NA,NA,NA,NA,proj,1731401450386,NA,2024,regular,nfl,9492,season,1731401450386,TB,rotowire,NA,
8135,https://api.sleeper.com/projections/nfl/player/8135?season_type=regular&season=2024,NA,266.2,999,221.1,209.2,214.8,209.2,282.1,393.5,302.5,999,282.1,NA,1,18,86.5,104.5,68.5,36,7.2,10.8,7.2,3.6,3.6,7.2,49.1,3,491,NA,7,3.4,NA,34,36,NA,NA,NA,NA,NA,NA,NA,NA,NA,NA,proj,1731401449270,NA,2024,regular,nfl,8135,season,1731401449270,TEN,rotowire,NA,
7593,https://api.sleeper.com/projections/nfl/player/7593?season_type=regular&season=2024,NA,256,999,277.2,292.3,319.4,292.3,257.4,477.5,263.9,999,257.4,10,NA,18,56.3,61.3,51.3,10,2,3,2,1,1,2,7.5,NA,75,NA,75,31.8,2,318,NA,NA,NA,NA,NA,NA,NA,NA,NA,NA,NA,proj,1731401448491,NA,2024,regular,nfl,7593,season,1731401448491,IND,rotowire,NA,
11570,https://api.sleeper.com/projections/nfl/player/11570?season_type=regular&season=2024,NA,275.1,999,230.4,218.3,242,218.3,284.7,411.2,286,999,284.7,6,NA,18,33,36,30,6,1.2,1.8,1.2,0.6,0.6,1.2,4.4,NA,44,NA,45,19.6,1,196,NA,NA,NA,NA,NA,NA,NA,NA,NA,NA,NA,proj,1731401441461,NA,2024,regular,nfl,11570,season,1731401441461,BAL,rotowire,NA,
11573,https://api.sleeper.com/projections/nfl/player/11573?season_type=regular&season=2024,NA,319.9,999,239.5,205.5,210.7,205.5,286.3,419.1,304.9,999,286.3,6,NA,18,27.8,30.8,24.8,6,1.2,1.8,1.2,0.6,0.6,1.2,4.3,NA,43,NA,34,14.5,1,145,NA,NA,NA,NA,NA,NA,NA,NA,NA,NA,NA,proj,1731401441464,NA,2024,regular,nfl,11573,season,1731401441464,BUF,rotowire,NA,
10223,https://api.sleeper.com/projections/nfl/player/10223?season_type=regular&season=2024,NA,259.1,999,267.3,295.1,274.6,295.1,647.2,486.8,297.4,999,647.2,12,NA,18,57.5,63.5,51.5,12,2.4,3.6,2.4,1.2,1.2,2.4,8.8,1,88,NA,60,24.7,2,247,NA,NA,NA,NA,NA,NA,NA,NA,NA,NA,NA,proj,1731401440443,NA,2024,regular,nfl,10223,season,1731401440443,NYG,rotowire,NA,
8162,https://api.sleeper.com/projections/nfl/player/8162?season_type=regular&season=2024,NA,221.8,999,196.4,318.4,303.8,318.4,999,337.8,535.7,999,999,NA,1,18,36.18,36.18,36.18,NA,NA,NA,NA,NA,NA,NA,NA,NA,NA,NA,8,4.1,1,41,NA,NA,65.15,NA,66,43,45.2,2,3,452,NA,proj,1731401449307,NA,2024,regular,nfl,8162,season,1731401449307,SEA,rotowire,NA,
11562,https://api.sleeper.com/projections/nfl/player/11562?season_type=regular&season=2024,NA,262.5,999,191.6,247.4,244,247.4,630.3,314.2,578.2,999,630.3,NA,1,18,19.4,19.4,19.4,NA,NA,NA,NA,NA,NA,NA,NA,NA,NA,NA,10,2.8,NA,28,NA,NA,56.9,NA,58,33,31.5,2,2,315,NA,proj,1731401441452,NA,2024,regular,nfl,11562,season,1731401441452,NO,rotowire,NA,
11567,https://api.sleeper.com/projections/nfl/player/11567?season_type=regular&season=2024,NA,690.7,999,218.3,273.2,287.5,273.2,999,403.5,508.4,999,999,NA,NA,18,11.52,11.52,11.52,NA,NA,NA,NA,NA,NA,NA,NA,NA,NA,NA,3,1,NA,10,NA,NA,60.71,NA,28,17,18.8,1,1,188,NA,proj,1731401441459,NA,2024,regular,nfl,11567,season,1731401441459,NYJ,rotowire,NA,
11592,https://api.sleeper.com/projections/nfl/player/11592?season_type=regular&season=2024,NA,302.6,999,222.2,227.3,250.2,227.3,679.2,390.2,647.9,999,679.2,NA,NA,18,67.2,84.2,50.2,34,6.8,10.2,6.8,3.4,3.4,6.8,32.2,3,322,NA,NA,NA,NA,NA,NA,34,NA,NA,NA,NA,NA,NA,NA,NA,NA,proj,1731401441495,NA,2024,regular,nfl,11592,season,1731401441495,CIN,rotowire,NA,
11599,https://api.sleeper.com/projections/nfl/player/11599?season_type=regular&season=2024,NA,306.6,999,225.6,215.4,237.2,215.4,606.9,394.5,700.8,999,606.9,NA,NA,18,29.4,36.9,21.9,15,3,4.5,3,1.5,1.5,3,15.9,1,159,NA,NA,NA,NA,NA,NA,15,NA,NA,NA,NA,NA,NA,NA,NA,NA,proj,1731401441504,NA,2024,regular,nfl,11599,season,1731401441504,HOU,rotowire,NA,
10225,https://api.sleeper.com/projections/nfl/player/10225?season_type=regular&season=2024,NA,279.5,999,233.8,223.5,246.1,223.5,285.4,446.8,298.2,999,285.4,NA,NA,18,58.2,71.7,44.7,27,5.4,8.1,5.4,2.7,2.7,5.4,31.9,2,319,NA,1,0.8,NA,8,27,NA,NA,NA,NA,NA,NA,NA,NA,NA,NA,proj,1731401440446,NA,2024,regular,nfl,10225,season,1731401440446,DAL,rotowire,NA,
11616,https://api.sleeper.com/projections/nfl/player/11616?season_type=regular&season=2024,NA,343.5,999,231.9,229.7,247.2,229.7,666.9,431.7,612.5,999,666.9,NA,NA,18,25.5,31,20,11,2.2,3.3,2.2,1.1,1.1,2.2,13.4,1,134,NA,1,0.6,NA,6,11,NA,NA,NA,NA,NA,NA,NA,NA,NA,NA,proj,1731401441529,NA,2024,regular,nfl,11616,season,1731401441529,SF,rotowire,NA,
7610,https://api.sleeper.com/projections/nfl/player/7610?season_type=regular&season=2024,NA,308.6,999,231.8,355.4,342,355.4,669.1,431,699.1,999,669.1,NA,NA,18,12.7,12.7,12.7,NA,NA,NA,NA,NA,NA,NA,NA,NA,NA,NA,5,1.9,NA,19,NA,NA,60.71,NA,28,17,19.5,1,1,195,NA,proj,1731401448511,NA,2024,regular,nfl,7610,season,1731401448511,DAL,rotowire,NA,
11595,https://api.sleeper.com/projections/nfl/player/11595?season_type=regular&season=2024,NA,334.2,999,236.8,220.6,241.2,220.6,599.5,415.7,698.6,999,599.5,NA,NA,18,24.8,30.8,18.8,12,2.4,3.6,2.4,1.2,1.2,2.4,12.8,1,128,NA,NA,NA,NA,NA,NA,12,NA,NA,NA,NA,NA,NA,NA,NA,NA,proj,1731401441499,NA,2024,regular,nfl,11595,season,1731401441499,KC,rotowire,NA,
3257,https://api.sleeper.com/projections/nfl/player/3257?season_type=regular&season=2024,NA,202.3,999,241.5,680.7,652.8,680.7,607.2,395,643.7,999,607.2,NA,3,18,230.14,230.14,230.14,NA,NA,NA,NA,NA,NA,NA,NA,NA,NA,NA,57,28.3,3,283,NA,NA,59.83,NA,468,280,314.6,12,19,3146,NA,proj,1731401443663,NA,2024,regular,nfl,3257,season,1731401443663,NE,rotowire,NA,
5854,https://api.sleeper.com/projections/nfl/player/5854?season_type=regular&season=2024,NA,261.3,999,250.1,519.8,633.2,519.8,999,455.2,550.7,999,999,NA,1,18,27.22,27.22,27.22,NA,NA,NA,NA,NA,NA,NA,NA,NA,NA,NA,6,2.1,NA,21,NA,NA,61.29,NA,62,38,42.8,2,3,428,NA,proj,1731401446285,NA,2024,regular,nfl,5854,season,1731401446285,NYG,rotowire,NA,
6111,https://api.sleeper.com/projections/nfl/player/6111?season_type=regular&season=2024,NA,273.2,999,255.3,634.7,674.7,634.7,666.8,491.4,669.9,999,666.8,NA,NA,18,18.72,18.72,18.72,NA,NA,NA,NA,NA,NA,NA,NA,NA,NA,NA,5,2.2,NA,22,NA,NA,62.86,NA,35,22,23.8,1,2,238,NA,proj,1731401446631,NA,2024,regular,nfl,6111,season,1731401446631,CIN,rotowire,NA,
11652,https://api.sleeper.com/projections/nfl/player/11652?season_type=regular&season=2024,NA,298,999,253.4,221.6,243.9,221.6,669.6,425.5,683.7,999,669.6,NA,NA,18,NA,NA,NA,NA,NA,NA,NA,NA,NA,NA,NA,NA,NA,NA,NA,NA,NA,NA,NA,NA,NA,NA,NA,NA,NA,NA,NA,NA,NA,proj,1731401441577,NA,2024,regular,nfl,11652,season,1731401441577,JAX,rotowire,NA,
11636,https://api.sleeper.com/projections/nfl/player/11636?season_type=regular&season=2024,NA,698.9,999,254.7,252.1,291.6,252.1,593.4,463.4,515.5,999,593.4,NA,NA,18,30.2,37.2,23.2,14,2.8,4.2,2.8,1.4,1.4,2.8,16.7,1,167,NA,1,0.5,NA,5,14,NA,NA,NA,NA,NA,NA,NA,NA,NA,NA,proj,1731401441557,NA,2024,regular,nfl,11636,season,1731401441557,PHI,rotowire,NA,
11605,https://api.sleeper.com/projections/nfl/player/11605?season_type=regular&season=2024,NA,337,999,260.7,302.3,293.7,302.3,685.3,463.4,677.7,999,685.3,NA,NA,18,48.8,60.3,37.3,23,4.6,6.9,4.6,2.3,2.3,4.6,25.3,2,253,NA,NA,NA,NA,NA,NA,23,NA,NA,NA,NA,NA,NA,NA,NA,NA,proj,1731401441512,NA,2024,regular,nfl,11605,season,1731401441512,NE,rotowire,NA,
9998,https://api.sleeper.com/projections/nfl/player/9998?season_type=regular&season=2024,NA,338,999,255.3,377.3,699,377.3,999,506.2,613.8,999,999,NA,NA,18,14.32,14.32,14.32,NA,NA,NA,NA,NA,NA,NA,NA,NA,NA,NA,5,2.6,NA,26,NA,NA,62.5,NA,32,20,21.8,1,1,218,NA,proj,1731401450456,NA,2024,regular,nfl,9998,season,1731401450456,DET,rotowire,NA,
9220,https://api.sleeper.com/projections/nfl/player/9220?season_type=regular&season=2024,NA,313.9,999,261.8,264,297.7,264,289.3,527.7,308.3,999,289.3,8,NA,18,35.3,39.3,31.3,8,1.6,2.4,1.6,0.8,0.8,1.6,5.9,1,59,NA,32,13.4,1,134,NA,NA,NA,NA,NA,NA,NA,NA,NA,NA,NA,proj,1731401450348,NA,2024,regular,nfl,9220,season,1731401450348,IND,rotowire,NA,
11615,https://api.sleeper.com/projections/nfl/player/11615?season_type=regular&season=2024,NA,351.1,999,268.4,267.7,299.4,267.7,691,540.9,539.2,999,691,NA,NA,18,26.2,31.7,20.7,11,2.2,3.3,2.2,1.1,1.1,2.2,14.1,1,141,NA,1,0.6,NA,6,11,NA,NA,NA,NA,NA,NA,NA,NA,NA,NA,proj,1731401441527,NA,2024,regular,nfl,11615,season,1731401441527,PHI,rotowire,NA,
6886,https://api.sleeper.com/projections/nfl/player/6886?season_type=regular&season=2024,NA,274.1,999,263.1,261.6,281.7,261.6,278.5,442.7,667.9,999,278.5,NA,NA,18,26.3,31.8,20.8,11,2.2,3.3,2.2,1.1,1.1,2.2,14.3,1,143,NA,1,0.5,NA,5,11,NA,NA,NA,NA,NA,NA,NA,NA,NA,NA,proj,1731401447589,NA,2024,regular,nfl,6886,season,1731401447589,NA,rotowire,NA,
11633,https://api.sleeper.com/projections/nfl/player/11633?season_type=regular&season=2024,NA,687.8,999,273.5,307.7,309.9,307.7,581,551.5,607.8,999,581,NA,NA,18,26.2,31.7,20.7,11,2.2,3.3,2.2,1.1,1.1,2.2,14.1,1,141,NA,1,0.6,NA,6,11,NA,NA,NA,NA,NA,NA,NA,NA,NA,NA,proj,1731401441553,NA,2024,regular,nfl,11633,season,1731401441553,CLE,rotowire,NA,
11646,https://api.sleeper.com/projections/nfl/player/11646?season_type=regular&season=2024,NA,675.3,999,282.3,303,290.3,303,623.5,563.8,659.8,999,623.5,NA,NA,18,56.4,69.4,43.4,26,5.2,7.8,5.2,2.6,2.6,5.2,31.4,2,314,NA,NA,NA,NA,NA,26,NA,NA,NA,NA,NA,NA,NA,NA,NA,NA,proj,1731401441569,NA,2024,regular,nfl,11646,season,1731401441569,CAR,rotowire,NA,
9227,https://api.sleeper.com/projections/nfl/player/9227?season_type=regular&season=2024,NA,358.9,999,276.5,276.1,310.4,276.1,999,559.4,312,999,999,2,NA,18,7,8,6,2,0.4,0.6,0.4,0.2,0.2,0.4,1.4,NA,14,NA,11,4.6,NA,46,NA,NA,NA,NA,NA,NA,NA,NA,NA,NA,NA,proj,1731401450358,NA,2024,regular,nfl,9227,season,1731401450358,NYJ,rotowire,NA,
11557,https://api.sleeper.com/projections/nfl/player/11557?season_type=regular&season=2024,NA,511.2,999,259.7,344,319.3,344,541.4,479.2,653.5,999,541.4,NA,1,18,10.3,10.3,10.3,NA,NA,NA,NA,NA,NA,NA,NA,NA,NA,NA,4,1.7,NA,17,NA,NA,56.67,NA,30,17,19,1,1,190,NA,proj,1731401441445,NA,2024,regular,nfl,11557,season,1731401441445,NE,rotowire,NA,
10226,https://api.sleeper.com/projections/nfl/player/10226?season_type=regular&season=2024,NA,295.2,999,263,251.2,284.9,251.2,657.9,487.8,599.5,999,657.9,NA,NA,18,86.7,106.2,67.2,39,7.8,11.7,7.8,3.9,3.9,7.8,48.1,3,481,NA,1,1.1,NA,11,39,NA,NA,NA,NA,NA,NA,NA,NA,NA,NA,proj,1731401440447,NA,2024,regular,nfl,10226,season,1731401440447,CIN,rotowire,NA,
8142,https://api.sleeper.com/projections/nfl/player/8142?season_type=regular&season=2024,NA,318.7,999,274,268.3,295.4,268.3,615.6,567.7,529.4,999,615.6,NA,NA,18,70.9,83.4,58.4,25,5,7.5,5,2.5,2.5,5,39.9,3,399,NA,1,0.5,NA,5,25,NA,NA,NA,NA,NA,NA,NA,NA,NA,NA,proj,1731401449279,NA,2024,regular,nfl,8142,season,1731401449279,IND,rotowire,NA,
10444,https://api.sleeper.com/projections/nfl/player/10444?season_type=regular&season=2024,NA,299.2,999,272,312,308.2,312,657.1,598.3,650.3,999,657.1,NA,NA,18,52.9,63.9,41.9,22,4.4,6.6,4.4,2.2,2.2,4.4,29.4,2,294,NA,1,0.5,NA,5,22,NA,NA,NA,NA,NA,NA,NA,NA,NA,NA,proj,1731401440480,NA,2024,regular,nfl,10444,season,1731401440480,CLE,rotowire,NA,
11571,https://api.sleeper.com/projections/nfl/player/11571?season_type=regular&season=2024,NA,690.7,999,275.5,259.8,301.5,259.8,685.1,553.4,558.8,999,685.1,5,NA,18,24.7,27.2,22.2,5,1,1.5,1,0.5,0.5,1,3.7,NA,37,NA,30,12.5,1,125,NA,NA,NA,NA,NA,NA,NA,NA,NA,NA,NA,proj,1731401441463,NA,2024,regular,nfl,11571,season,1731401441463,NYJ,rotowire,NA,
7562,https://api.sleeper.com/projections/nfl/player/7562?season_type=regular&season=2024,NA,305.8,999,284.8,271,279.7,271,659.8,562.4,655.6,999,659.8,NA,NA,18,52.8,63.8,41.8,22,4.4,6.6,4.4,2.2,2.2,4.4,27.8,2,278,NA,3,2,NA,20,22,NA,NA,NA,NA,NA,NA,NA,NA,NA,NA,proj,1731401448455,NA,2024,regular,nfl,7562,season,1731401448455,LAR,rotowire,NA,
7606,https://api.sleeper.com/projections/nfl/player/7606?season_type=regular&season=2024,NA,310,999,286.7,277.7,306.9,277.7,571.2,561.5,296.3,999,571.2,NA,NA,18,35.1,42.1,28.1,14,2.8,4.2,2.8,1.4,1.4,2.8,17.2,1,172,NA,8,4.9,NA,49,14,NA,NA,NA,NA,NA,NA,NA,NA,NA,NA,proj,1731401448506,NA,2024,regular,nfl,7606,season,1731401448506,CLE,rotowire,NA,
2306,https://api.sleeper.com/projections/nfl/player/2306?season_type=regular&season=2024,NA,260.3,999,279.7,670.8,651,670.8,697.7,503.4,492.1,999,697.7,NA,NA,18,30.26,30.26,30.26,NA,NA,NA,NA,NA,NA,NA,NA,NA,NA,NA,7,2.9,NA,29,NA,NA,65.57,NA,61,40,43.4,2,3,434,NA,proj,1731401443187,NA,2024,regular,nfl,2306,season,1731401443187,CLE,rotowire,NA,
19,https://api.sleeper.com/projections/nfl/player/19?season_type=regular&season=2024,NA,236.4,999,279.3,619.1,620.1,619.1,700.8,495.2,680.7,999,700.8,NA,1,18,60.42,60.42,60.42,NA,NA,NA,NA,NA,NA,NA,NA,NA,NA,NA,7,2.1,NA,21,NA,NA,65.22,1,138,90,93.3,3,6,933,NA,proj,1731401442980,NA,2024,regular,nfl,19,season,1731401442980,IND,rotowire,NA,
11815,https://api.sleeper.com/projections/nfl/player/11815?season_type=regular&season=2024,NA,688.8,999,271.8,250.1,279.3,250.1,603.7,519.9,652.1,999,603.7,NA,NA,18,28.1,33.6,22.6,11,2.2,3.3,2.2,1.1,1.1,2.2,16.6,1,166,NA,NA,NA,NA,NA,11,NA,NA,NA,NA,NA,NA,NA,NA,NA,NA,proj,1731401441801,NA,2024,regular,nfl,11815,season,1731401441801,GB,rotowire,NA,
11748,https://api.sleeper.com/projections/nfl/player/11748?season_type=regular&season=2024,NA,679.6,999,287.7,303.3,288,303.3,628.4,559.2,651.8,999,628.4,NA,NA,18,53,65,41,24,4.8,7.2,4.8,2.4,2.4,4.8,29,2,290,NA,NA,NA,NA,NA,24,NA,NA,NA,NA,NA,NA,NA,NA,NA,NA,proj,1731401441708,NA,2024,regular,nfl,11748,season,1731401441708,NO,rotowire,NA,
11580,https://api.sleeper.com/projections/nfl/player/11580?season_type=regular&season=2024,NA,688.8,999,291.7,348.2,330.3,348.2,999,635.9,599.7,999,999,3,NA,18,20.4,21.9,18.9,3,0.6,0.9,0.6,0.3,0.3,0.6,2.2,NA,22,NA,26,10.7,1,107,NA,NA,NA,NA,NA,NA,NA,NA,NA,NA,NA,proj,1731401441474,NA,2024,regular,nfl,11580,season,1731401441474,CAR,rotowire,NA,
11783,https://api.sleeper.com/projections/nfl/player/11783?season_type=regular&season=2024,NA,345,999,283.8,301.3,276.4,301.3,999,535.8,689.6,999,999,NA,NA,18,24.1,29.6,18.6,11,2.2,3.3,2.2,1.1,1.1,2.2,12.6,1,126,NA,NA,NA,NA,NA,11,NA,NA,NA,NA,NA,NA,NA,NA,NA,NA,proj,1731401441756,NA,2024,regular,nfl,11783,season,1731401441756,DAL,rotowire,NA,
11568,https://api.sleeper.com/projections/nfl/player/11568?season_type=regular&season=2024,NA,662,999,294.4,319.5,295.6,319.5,999,612,685.7,999,999,4,NA,18,21.7,23.7,19.7,4,0.8,1.2,0.8,0.4,0.4,0.8,2.9,NA,29,NA,26,10.8,1,108,NA,NA,NA,NA,NA,NA,NA,NA,NA,NA,NA,proj,1731401441460,NA,2024,regular,nfl,11568,season,1731401441460,DEN,rotowire,NA,
8160,https://api.sleeper.com/projections/nfl/player/8160?season_type=regular&season=2024,NA,316.6,999,289,667.3,657.7,667.3,999,534.4,507.8,999,999,NA,1,18,11.4,11.4,11.4,NA,NA,NA,NA,NA,NA,NA,NA,NA,NA,NA,3,1.4,NA,14,NA,NA,63.64,NA,33,21,22.5,1,1,225,NA,proj,1731401449305,NA,2024,regular,nfl,8160,season,1731401449305,PHI,rotowire,NA,
10219,https://api.sleeper.com/projections/nfl/player/10219?season_type=regular&season=2024,NA,311.1,999,293.1,299.2,305.7,299.2,642.9,543.3,695.8,999,642.9,7,NA,18,44.1,47.6,40.6,7,1.4,2.1,1.4,0.7,0.7,1.4,5.1,NA,51,NA,57,23.5,2,235,NA,NA,NA,NA,NA,NA,NA,NA,NA,NA,NA,proj,1731401440435,NA,2024,regular,nfl,10219,season,1731401440435,WAS,rotowire,NA,
7538,https://api.sleeper.com/projections/nfl/player/7538?season_type=regular&season=2024,NA,653.9,999,298.1,614,679.3,614,492.4,630.6,622.4,999,492.4,NA,NA,18,12.7,12.7,12.7,NA,NA,NA,NA,NA,NA,NA,NA,NA,NA,NA,4,1.7,NA,17,NA,NA,62.07,NA,29,18,20,1,1,200,NA,proj,1731401448424,NA,2024,regular,nfl,7538,season,1731401448424,DEN,rotowire,NA,
10213,https://api.sleeper.com/projections/nfl/player/10213?season_type=regular&season=2024,NA,258.8,999,287.7,300.1,335,300.1,283.4,507.4,291,999,283.4,NA,NA,18,120.9,147.9,93.9,54,10.8,16.2,10.8,5.4,5.4,10.8,57.6,4,576,NA,11,6.3,1,63,54,NA,NA,NA,NA,NA,NA,NA,NA,NA,NA,proj,1731401440427,NA,2024,regular,nfl,10213,season,1731401440427,LV,rotowire,NA,
8168,https://api.sleeper.com/projections/nfl/player/8168?season_type=regular&season=2024,NA,359.4,999,306.7,319.5,350.6,319.5,594.5,684.2,630.9,999,594.5,NA,NA,18,25.8,31.8,19.8,12,2.4,3.6,2.4,1.2,1.2,2.4,12.9,1,129,NA,2,0.9,NA,9,12,NA,NA,NA,NA,NA,NA,NA,NA,NA,NA,proj,1731401449313,NA,2024,regular,nfl,8168,season,1731401449313,KC,rotowire,NA,
8159,https://api.sleeper.com/projections/nfl/player/8159?season_type=regular&season=2024,NA,343.8,999,299.6,567.8,654,567.8,378,618.7,567.2,999,378,NA,NA,18,NA,NA,NA,NA,NA,NA,NA,NA,NA,NA,NA,NA,NA,NA,NA,NA,NA,NA,NA,NA,NA,NA,NA,NA,NA,NA,NA,NA,NA,proj,1731401449304,NA,2024,regular,nfl,8159,season,1731401449304,LV,rotowire,NA,
3199,https://api.sleeper.com/projections/nfl/player/3199?season_type=regular&season=2024,NA,317.4,999,305.4,327.3,311.5,327.3,614.9,614.6,305.8,999,614.9,NA,NA,18,47.7,59.2,36.2,23,4.6,6.9,4.6,2.3,2.3,4.6,24,2,240,NA,1,0.2,NA,2,23,NA,NA,NA,NA,NA,NA,NA,NA,NA,NA,proj,1731401443601,NA,2024,regular,nfl,3199,season,1731401443601,NA,rotowire,NA,
7527,https://api.sleeper.com/projections/nfl/player/7527?season_type=regular&season=2024,NA,346.5,999,300.3,556,688.4,556,668,602.1,532.8,999,668,NA,NA,18,13.4,13.4,13.4,NA,NA,NA,NA,NA,NA,NA,NA,NA,NA,NA,5,2,NA,20,NA,NA,62.5,NA,32,20,21,1,1,210,NA,proj,1731401448409,NA,2024,regular,nfl,7527,season,1731401448409,JAX,rotowire,NA,
4089,https://api.sleeper.com/projections/nfl/player/4089?season_type=regular&season=2024,NA,276.9,999,308.8,364.6,351.4,364.6,610.8,546.1,303.1,999,610.8,NA,NA,18,49.9,62.4,37.4,25,5,7.5,5,2.5,2.5,5,25.4,2,254,NA,NA,NA,NA,NA,NA,25,NA,NA,NA,NA,NA,NA,NA,NA,NA,proj,1731401444218,NA,2024,regular,nfl,4089,season,1731401444218,CHI,rotowire,NA,
5086,https://api.sleeper.com/projections/nfl/player/5086?season_type=regular&season=2024,NA,277.3,999,334.1,345.6,653.6,345.6,629.2,633.1,548.9,999,629.2,NA,NA,18,24.3,28.8,19.8,9,1.8,2.7,1.8,0.9,0.9,1.8,13.6,1,136,NA,1,0.2,NA,2,9,NA,NA,NA,NA,NA,NA,NA,NA,NA,NA,proj,1731401445355,NA,2024,regular,nfl,5086,season,1731401445355,NO,rotowire,NA,
6136,https://api.sleeper.com/projections/nfl/player/6136?season_type=regular&season=2024,NA,271.7,999,319.5,551.7,692,551.7,660.1,524.1,675.9,999,660.1,NA,1,18,29.14,29.14,29.14,NA,NA,NA,NA,NA,NA,NA,NA,NA,NA,NA,4,1.9,1,19,NA,NA,62.12,NA,66,41,43.1,2,2,431,NA,proj,1731401446669,NA,2024,regular,nfl,6136,season,1731401446669,DEN,rotowire,NA,
3271,https://api.sleeper.com/projections/nfl/player/3271?season_type=regular&season=2024,NA,281.9,999,309.5,369.5,375.6,369.5,668.5,603.9,296.4,999,668.5,NA,NA,18,47.6,59.1,36.1,23,4.6,6.9,4.6,2.3,2.3,4.6,24.1,2,241,NA,NA,NA,NA,NA,NA,23,NA,NA,NA,NA,NA,NA,NA,NA,NA,proj,1731401443676,NA,2024,regular,nfl,3271,season,1731401443676,LAR,rotowire,NA,
5038,https://api.sleeper.com/projections/nfl/player/5038?season_type=regular&season=2024,NA,319,999,338.1,366.6,354.6,366.6,999,651.7,305.7,999,999,NA,NA,18,NA,NA,NA,NA,NA,NA,NA,NA,NA,NA,NA,NA,NA,NA,NA,NA,NA,NA,NA,NA,NA,NA,NA,NA,NA,NA,NA,NA,NA,proj,1731401445290,NA,2024,regular,nfl,5038,season,1731401445290,NA,rotowire,NA,
6074,https://api.sleeper.com/projections/nfl/player/6074?season_type=regular&season=2024,NA,307.9,999,386.4,665.7,655.3,665.7,999,641,562.9,999,999,NA,NA,18,35.5,43,28,15,3,4.5,3,1.5,1.5,3,16,2,160,NA,NA,NA,NA,NA,NA,15,NA,NA,NA,NA,NA,NA,NA,NA,NA,proj,1731401446588,NA,2024,regular,nfl,6074,season,1731401446588,DEN,rotowire,NA,
4147,https://api.sleeper.com/projections/nfl/player/4147?season_type=regular&season=2024,NA,267,999,323.7,306.5,339.7,306.5,290.2,535.2,295.8,999,290.2,24,1,18,69.6,81.6,57.6,24,4.8,7.2,4.8,2.4,2.4,4.8,17.8,1,178,NA,56,23.8,2,238,NA,NA,NA,NA,NA,NA,NA,NA,NA,NA,NA,proj,1731401444292,NA,2024,regular,nfl,4147,season,1731401444292,KC,rotowire,NA,
4149,https://api.sleeper.com/projections/nfl/player/4149?season_type=regular&season=2024,NA,278.7,999,297.8,255.4,260.5,255.4,258.7,485.8,294.4,999,258.7,11,NA,18,69.8,75.3,64.3,11,2.2,3.3,2.2,1.1,1.1,2.2,8,NA,80,NA,96,38.3,3,383,NA,NA,NA,NA,NA,NA,NA,NA,NA,NA,NA,proj,1731401444295,NA,2024,regular,nfl,4149,season,1731401444295,NO,rotowire,NA,
4234,https://api.sleeper.com/projections/nfl/player/4234?season_type=regular&season=2024,NA,321,999,345.1,353.8,353.5,353.8,631.8,667.4,300.1,999,631.8,NA,NA,18,92.4,110.4,74.4,36,7.2,10.8,7.2,3.6,3.6,7.2,49.8,4,498,NA,2,0.6,NA,6,36,NA,NA,NA,NA,NA,NA,NA,NA,NA,NA,proj,1731401444400,NA,2024,regular,nfl,4234,season,1731401444400,WAS,rotowire,NA,
827,https://api.sleeper.com/projections/nfl/player/827?season_type=regular&season=2024,NA,301.8,999,319.5,627.5,663.4,627.5,999,641.8,663.9,999,999,NA,NA,18,14.02,14.02,14.02,NA,NA,NA,NA,NA,NA,NA,NA,NA,NA,NA,6,2.3,NA,23,NA,NA,62.5,NA,32,20,21.8,1,1,218,NA,proj,1731401449450,NA,2024,regular,nfl,827,season,1731401449450,NYJ,rotowire,NA,
7049,https://api.sleeper.com/projections/nfl/player/7049?season_type=regular&season=2024,NA,294,999,315.5,331.4,567.9,331.4,588.4,587.9,518.7,999,588.4,NA,NA,18,128.8,156.3,101.3,55,11,16.5,11,5.5,5.5,11,69.9,5,699,NA,1,1.4,NA,14,55,NA,NA,NA,NA,NA,NA,NA,NA,NA,NA,proj,1731401447797,NA,2024,regular,nfl,7049,season,1731401447797,SF,rotowire,NA,
3634,https://api.sleeper.com/projections/nfl/player/3634?season_type=regular&season=2024,NA,300.8,999,420.5,525.4,693.9,525.4,651.3,999,683.1,999,651.3,NA,NA,18,60.3,72.8,47.8,25,5,7.5,5,2.5,2.5,5,31.4,2,314,NA,7,4.4,NA,44,25,NA,NA,NA,NA,NA,NA,NA,NA,NA,NA,proj,1731401443962,NA,2024,regular,nfl,3634,season,1731401443962,DET,rotowire,NA,
7828,https://api.sleeper.com/projections/nfl/player/7828?season_type=regular&season=2024,NA,303.6,999,330,350.4,362.4,350.4,596.7,610.8,689.6,999,596.7,NA,NA,18,67.8,83.8,51.8,32,6.4,9.6,6.4,3.2,3.2,6.4,33.8,3,338,NA,NA,NA,NA,NA,NA,32,NA,NA,NA,NA,NA,NA,NA,NA,NA,proj,1731401448814,NA,2024,regular,nfl,7828,season,1731401448814,KC,rotowire,NA,
8204,https://api.sleeper.com/projections/nfl/player/8204?season_type=regular&season=2024,NA,303.9,999,317.9,315.8,333.4,315.8,655.5,554.1,670.6,999,655.5,NA,NA,18,66,79,53,26,5.2,7.8,5.2,2.6,2.6,5.2,34.1,3,341,NA,1,0.9,NA,9,26,NA,NA,NA,NA,NA,NA,NA,NA,NA,NA,proj,1731401449362,NA,2024,regular,nfl,8204,season,1731401449362,GB,rotowire,NA,
4029,https://api.sleeper.com/projections/nfl/player/4029?season_type=regular&season=2024,NA,350.5,999,341.8,254.8,247.8,254.8,617.1,633,699.7,999,617.1,9,NA,18,51.1,55.6,46.6,9,1.8,2.7,1.8,0.9,0.9,1.8,6.8,NA,68,NA,66,27.8,2,278,NA,NA,NA,NA,NA,NA,NA,NA,NA,NA,NA,proj,1731401444145,NA,2024,regular,nfl,4029,season,1731401444145,DAL,rotowire,NA,
4040,https://api.sleeper.com/projections/nfl/player/4040?season_type=regular&season=2024,NA,347.4,999,310.9,263.3,261.3,263.3,654.6,662.3,677,999,654.6,NA,NA,18,93.2,115.2,71.2,44,8.8,13.2,8.8,4.4,4.4,8.8,46.8,4,468,NA,4,0.4,NA,4,44,NA,NA,NA,NA,NA,NA,NA,NA,NA,NA,proj,1731401444160,NA,2024,regular,nfl,4040,season,1731401444160,KC,rotowire,NA,
8147,https://api.sleeper.com/projections/nfl/player/8147?season_type=regular&season=2024,NA,697.5,999,295.5,265.2,283.1,265.2,653,636.5,664.3,999,653,NA,NA,18,30,37,23,14,2.8,4.2,2.8,1.4,1.4,2.8,16.2,1,162,NA,1,0.8,NA,8,14,NA,NA,NA,NA,NA,NA,NA,NA,NA,NA,proj,1731401449286,NA,2024,regular,nfl,8147,season,1731401449286,HOU,rotowire,NA,
2560,https://api.sleeper.com/projections/nfl/player/2560?season_type=regular&season=2024,NA,999,999,433,605,999,605,999,999,406,999,999,NA,NA,18,NA,NA,NA,NA,NA,NA,NA,NA,NA,NA,NA,NA,NA,NA,NA,NA,NA,NA,NA,NA,NA,NA,NA,NA,NA,NA,NA,NA,NA,proj,1731401443399,NA,2024,regular,nfl,2560,season,1731401443399,NA,rotowire,NA,
5246,https://api.sleeper.com/projections/nfl/player/5246?season_type=regular&season=2024,NA,999,999,999,999,999,999,660,999,999,999,660,NA,NA,18,NA,NA,NA,NA,NA,NA,NA,NA,NA,NA,NA,NA,NA,NA,NA,NA,NA,NA,NA,NA,NA,NA,NA,NA,NA,NA,NA,NA,NA,proj,1731401445547,NA,2024,regular,nfl,5246,season,1731401445547,NA,rotowire,NA,
1718,https://api.sleeper.com/projections/nfl/player/1718?season_type=regular&season=2024,NA,999,999,999,999,999,999,472.5,999,374,999,472.5,NA,NA,18,NA,NA,NA,NA,NA,NA,NA,NA,NA,NA,NA,NA,NA,NA,NA,NA,NA,NA,NA,NA,NA,NA,NA,NA,NA,NA,NA,NA,NA,proj,1731401442902,NA,2024,regular,nfl,1718,season,1731401442902,NA,rotowire,NA,
7703,https://api.sleeper.com/projections/nfl/player/7703?season_type=regular&season=2024,NA,999,999,999,999,999,999,580.1,999,999,999,580.1,NA,NA,18,NA,NA,NA,NA,NA,NA,NA,NA,NA,NA,NA,NA,NA,NA,NA,NA,NA,NA,NA,NA,NA,NA,NA,NA,NA,NA,NA,NA,NA,proj,1731401448645,NA,2024,regular,nfl,7703,season,1731401448645,NA,rotowire,NA,
2755,https://api.sleeper.com/projections/nfl/player/2755?season_type=regular&season=2024,NA,999,999,417,681,679,681,999,999,290,999,999,NA,NA,18,NA,NA,NA,NA,NA,NA,NA,NA,NA,NA,NA,NA,NA,NA,NA,NA,NA,NA,NA,NA,NA,NA,NA,NA,NA,NA,NA,NA,NA,proj,1731401443458,NA,2024,regular,nfl,2755,season,1731401443458,LAC,rotowire,NA,
